1341846313.592026 0.0000000 0.0000000 0.0000000 0.0000000 0.0000000 0.0000000 1.0000000
1341846313.654184 0.0098980 -0.0022208 -0.0077498 -0.0012528 -0.0035004 0.0058922 0.9999757
1341846313.686156 0.0159069 -0.0013420 -0.0016430 0.0001101 -0.0057123 0.0052604 0.9999698
1341846313.753994 0.0294512 0.0009743 0.0005123 -0.0002984 -0.0077137 0.0069622 0.9999459
1341846313.890011 0.0453975 0.0078854 0.0150040 0.0009928 -0.0023254 0.0028078 0.9999928
1341846314.526085 0.1895306 0.0234723 0.0134799 -0.0131579 0.0483119 0.0038676 0.9987382
1341846314.594085 0.2081670 0.0162767 0.0230944 -0.0137113 0.0548187 0.0030977 0.9983974
1341846315.197984 0.3081696 0.0370246 0.0001753 -0.0151057 0.0861571 0.0249493 0.9958546
1341846315.429923 0.3648432 0.0232844 0.0157348 -0.0106374 0.0751149 0.0365861 0.9964467
1341846315.798188 0.3788663 0.0303655 0.0222600 -0.0204107 0.0916794 0.0414715 0.9947152
1341846316.270052 0.2991553 0.0119551 0.0137112 -0.0047400 0.0926430 0.0246694 0.9953825
1341846317.509927 0.0148505 -0.0084990 0.0156710 0.0450264 0.0412916 0.0628333 0.9961524
1341846317.741834 -0.0452201 -0.0098553 0.0215964 0.0520772 0.0354835 0.0656861 0.9958485
1341846318.214074 -0.1640097 -0.0229823 0.0316260 0.0495427 0.0261945 0.0420064 0.9975444
1341846318.278018 -0.1840884 -0.0301128 0.0284317 0.0557638 0.0161353 0.0435815 0.9973618
1341846319.386163 -0.4676671 -0.0341090 -0.0141597 0.0838604 -0.0730984 0.0558035 0.9922248
1341846320.390064 -0.4733135 -0.0368118 -0.0034429 0.1042767 -0.1189520 0.0572689 0.9857469
1341846320.594093 -0.3829382 -0.0453311 0.0010356 0.1169095 -0.0820771 0.0408864 0.9889003
1341846326.826821 -0.0394414 0.2925574 0.2233554 0.0792549 0.0400032 0.0645246 0.9939592
1341846327.026301 -0.0318333 0.3468432 0.2252209 0.0726949 0.0353255 0.0733583 0.9940252
1341846327.262014 -0.0181853 0.4167838 0.2439921 0.0671640 0.0465133 0.0611960 0.9947767
1341846327.361939 -0.0260722 0.4580651 0.2509904 0.0702304 0.0756769 0.0449626 0.9936393
1341846327.461965 -0.0580864 0.5090415 0.2654182 0.0590374 0.0764385 0.0348665 0.9947141
1341846327.598010 -0.0410362 0.5460421 0.2900025 0.0554616 0.0672344 0.0497429 0.9949518
1341846327.697919 -0.0417889 0.5856963 0.2866347 0.0592033 0.0578515 0.0470251 0.9954581
1341846327.865944 -0.0466222 0.6408737 0.2953944 0.0335255 0.0574600 0.0479497 0.9966319
1341846328.065993 -0.0457315 0.6898416 0.3036379 0.0056130 0.0591501 0.0424815 0.9973290
1341846328.302051 -0.0481178 0.6105506 0.2899030 0.0111680 0.0497451 0.0454630 0.9976642
1341846328.433920 -0.0506997 0.5349095 0.2725305 0.0332279 0.0497383 0.0473782 0.9970844
1341846331.382003 0.0026170 -0.0970717 0.0954398 0.0237072 -0.0421224 0.0283291 0.9984294
1341846332.958015 0.0262780 0.0074980 0.5418518 0.0414586 0.0134721 0.0318938 0.9985402
1341846333.262056 0.0534005 0.0317377 0.6017442 0.0286328 0.0258911 0.0345219 0.9986581
1341846333.562063 0.0660151 0.0354144 0.6266425 0.0191906 0.0251593 0.0291921 0.9990728
1341846334.702085 -0.0197517 0.0165399 0.4285191 0.0243475 0.0164295 0.0133806 0.9994790
1341846336.410032 -0.1197550 0.0310756 -0.0759799 0.0456208 -0.0037226 0.0165233 0.9988152
1341846336.746016 -0.1405936 0.0267388 -0.1439323 0.0463221 -0.0077825 0.0216088 0.9986625
1341846336.945998 -0.1505302 0.0252212 -0.1747417 0.0601695 -0.0284726 0.0313440 0.9972895
1341846337.014238 -0.1494763 0.0535354 -0.2080084 0.0621265 -0.0347317 0.0257365 0.9971317
1341846337.046017 -0.1548502 0.0498395 -0.1843344 0.0599493 -0.0359726 0.0209066 0.9973339
1341846337.114317 -0.1591370 0.0474570 -0.2034602 0.0571863 -0.0384426 0.0176666 0.9974667
1341846337.214073 -0.1586232 0.0584237 -0.2008530 0.0535047 -0.0388469 0.0113694 0.9977469
1341846337.718002 -0.1580116 0.0489515 -0.2235817 0.0452862 -0.0483679 0.0138646 0.9977061
1341846338.085986 -0.1374859 0.0645535 -0.1606655 0.0171544 -0.0269960 0.0099248 0.9994391
1341846338.454010 -0.1276268 0.0729235 -0.0717069 0.0075017 -0.0192511 0.0204602 0.9995772
1341846338.826048 -0.0930768 0.0806003 0.0561004 0.0009893 -0.0218627 0.0240620 0.9994709
1341846339.025928 -0.0894503 0.0804411 0.1105830 0.0003211 -0.0169995 0.0202277 0.9996508
1341846339.228165 -0.0779739 0.1023219 0.1697337 -0.0082675 -0.0149321 0.0222155 0.9996075
1341846339.394725 -0.0557304 0.1085074 0.2203498 -0.0194610 -0.0151350 0.0241166 0.9994051
1341846339.562052 -0.0408970 0.1008534 0.2626121 -0.0198082 -0.0096793 0.0245629 0.9994552
1341846339.797873 -0.0187342 0.1008686 0.3244627 -0.0157558 -0.0003110 0.0181238 0.9997116
1341846339.997845 0.0026466 0.0942543 0.3722216 -0.0157291 0.0010066 0.0204046 0.9996676
1341846340.298061 0.0236019 0.0945990 0.4365545 -0.0098780 0.0126792 0.0192617 0.9996853
1341846340.634005 0.0533332 0.0949861 0.4472173 -0.0038367 -0.0004692 0.0236834 0.9997120
1341846341.202110 0.0679767 0.0839104 0.4117098 0.0046761 -0.0089361 0.0226910 0.9996917
1341846341.438113 0.0625794 0.0825562 0.4092719 0.0109742 -0.0081383 0.0178525 0.9997473
1341846341.679982 0.0546981 0.0878390 0.3910421 0.0134234 -0.0139648 0.0153867 0.9996940
1341846341.906227 0.0613872 0.0788686 0.3717081 0.0199849 -0.0207572 0.0322968 0.9990629
1341846342.042024 0.0651809 0.0711291 0.3649639 0.0283621 -0.0230163 0.0371936 0.9986403
1341846342.379953 0.0710591 0.0673092 0.3530972 0.0405844 -0.0191620 0.0430528 0.9980642
