1341846313.592026 0.000000000 0.000000000 0.000000000 0.000000000 0.000000000 0.000000000 1.000000000
1341846313.654184 0.009898010 -0.002220768 -0.007749822 -0.001252814 -0.003500388 0.005892233 0.999975681
1341846313.686156 0.015906872 -0.001342008 -0.001643022 0.000110068 -0.005712297 0.005260359 0.999969840
1341846313.721918 0.017929394 0.000424977 -0.009256366 0.000223136 -0.006135441 0.006848852 0.999957681
1341846313.753994 0.029451175 0.000974314 0.000512274 -0.000298406 -0.007713719 0.006962236 0.999945998
1341846313.789969 0.029311180 0.002456983 0.001502869 0.001029733 -0.007337454 0.004597333 0.999961972
1341846313.822075 0.040891606 0.003088937 -0.004598445 0.000677937 -0.007155287 0.001964109 0.999972224
1341846313.853928 0.056325056 -0.001443015 0.000504849 -0.000164405 -0.006319177 0.004210896 0.999971151
1341846313.890011 0.045397457 0.007885407 0.015004002 0.000992784 -0.002325401 0.002807783 0.999992847
1341846313.922055 0.066718809 0.004780856 -0.010437245 -0.001804600 -0.004229244 0.006055468 0.999971092
1341846313.957927 0.094528280 0.004823598 -0.009705849 -0.003855546 -0.002855203 0.001612072 0.999987185
1341846313.990058 0.082017772 0.007663393 0.009312958 -0.004509452 0.006289739 0.008327792 0.999935329
1341846314.022042 0.095961303 0.019223899 0.001744705 -0.005663232 0.006207465 0.010279540 0.999911845
1341846314.057816 0.103861064 0.016001211 0.011539216 -0.009552391 0.008451084 0.011056162 0.999857545
1341846314.089801 0.121505573 0.012451398 0.013715878 -0.009100200 0.012429936 0.011054315 0.999820232
1341846314.122037 0.117846973 0.023182210 0.004783352 -0.009247286 0.017107543 0.014185782 0.999710262
1341846314.157989 0.130005658 0.015894806 0.013483075 -0.012556515 0.019537922 0.015594490 0.999608636
1341846314.190094 0.140343472 0.019206654 0.014721503 -0.011758047 0.022543026 0.017019065 0.999531865
1341846314.225969 0.137430415 0.020724220 -0.002325800 -0.014080924 0.025193864 0.019453030 0.999394119
1341846314.257923 0.143048227 0.020398190 0.028658390 -0.015948992 0.027428081 0.019872528 0.999298990
1341846314.290052 0.145131215 0.020682281 0.027769057 -0.014706521 0.029215513 0.018268231 0.999297917
1341846314.325981 0.150363714 0.026169688 0.015182270 -0.015099474 0.030522045 0.016295668 0.999287188
1341846314.357905 0.163126215 0.019182684 0.022391709 -0.016601931 0.032247033 0.015481653 0.999222100
1341846314.389899 0.157577261 0.020298723 0.023723863 -0.014664244 0.036657251 0.012637579 0.999140382
1341846314.427905 0.176684409 0.025052302 0.022760494 -0.014717203 0.036182567 0.014337514 0.999133945
1341846314.493987 0.187301427 0.016829416 0.026204521 -0.014149881 0.045959644 0.006732256 0.998820424
1341846314.526085 0.189530611 0.023472322 0.013479907 -0.013157912 0.048311926 0.003867555 0.998738170
1341846314.558292 0.196529150 0.020374667 0.017180195 -0.014911330 0.051120963 0.003511230 0.998574972
1341846314.594085 0.208167002 0.016276736 0.023094410 -0.013711285 0.054818731 0.003097681 0.998397350
1341846314.626096 0.204100937 0.022290660 0.015882049 -0.012949265 0.059880346 0.004122589 0.998113036
1341846314.658455 0.213763267 0.026553920 0.015802262 -0.014396135 0.061351210 0.003530610 0.998006165
1341846314.694004 0.221860558 0.015200291 0.027042188 -0.015336531 0.065173894 0.001450718 0.997754991
1341846314.725910 0.231703103 0.001594611 0.016158311 -0.012777430 0.066975646 0.008134103 0.997639656
1341846314.761942 0.235892668 -0.001954523 0.012128068 -0.009923912 0.067151479 0.013298297 0.997604847
1341846314.794030 0.245074525 0.011430153 0.017642528 -0.004864793 0.068969741 0.013334597 0.997517765
1341846314.826092 0.255566359 0.016772401 0.014953911 -0.002396109 0.072559133 0.014745061 0.997252226
1341846314.862145 0.258129507 0.021767527 0.012789883 -0.001818854 0.076550707 0.015276453 0.996946990
1341846314.894072 0.270592660 0.020392248 0.010897517 -0.002441218 0.079479426 0.016758079 0.996692657
1341846314.925969 0.274543822 0.018515576 0.011968803 -0.002965757 0.082150310 0.022175994 0.996368766
1341846314.961937 0.281939119 0.028586267 -0.002093811 -0.004538579 0.082376868 0.025952499 0.996252954
1341846314.994564 0.285967261 0.026702816 0.008495882 -0.008230411 0.083273456 0.025256179 0.996172667
1341846315.029900 0.299645215 0.027293598 0.015491858 -0.008231222 0.085812241 0.023050630 0.996010661
1341846315.061965 0.300471187 0.024237074 0.014644716 -0.009269824 0.088581145 0.026301257 0.995678544
1341846315.094388 0.304635644 0.027071586 0.032487907 -0.008882900 0.087446265 0.027813053 0.995741248
1341846315.129851 0.317702979 0.023242574 0.016730640 -0.007029035 0.086607851 0.023951357 0.995929718
1341846315.161941 0.325567514 0.030841682 -0.017602727 -0.009732306 0.085911393 0.030175643 0.995798111
1341846315.197984 0.308169574 0.037024599 0.000175312 -0.015105744 0.086157084 0.024949282 0.995854557
1341846315.230076 0.315398872 0.036203068 0.009641193 -0.018570436 0.084864758 0.020774506 0.996002734
1341846315.262069 0.322809935 0.031428855 0.013300680 -0.022493018 0.081608377 0.025844410 0.996075392
1341846315.298000 0.322867393 0.027148329 0.031254664 -0.024508215 0.078444384 0.026248092 0.996271491
1341846315.329931 0.345058590 0.014391355 0.028034586 -0.022757007 0.074974790 0.027581682 0.996544063
1341846315.361981 0.350253642 0.015500912 0.026025813 -0.017223395 0.074191093 0.029782606 0.996650398
1341846315.397962 0.353245020 0.022127911 0.031299181 -0.013466826 0.074402936 0.033820253 0.996563613
1341846315.429923 0.364843249 0.023284366 0.015734814 -0.010637352 0.075114936 0.036586091 0.996446669
1341846315.466047 0.374891788 0.031297240 0.008336373 -0.008924032 0.078047141 0.038948014 0.996148586
1341846315.497883 0.368511260 0.037366450 0.024145111 -0.009152432 0.082264364 0.042659342 0.995655060
1341846315.530008 0.372017413 0.033200014 0.020372793 -0.009569413 0.083525948 0.042762224 0.995541692
1341846315.566108 0.375797927 0.033938147 0.020358097 -0.010589179 0.084706850 0.045003634 0.995332778
1341846315.597986 0.380531490 0.035261869 0.015575610 -0.010399486 0.085581124 0.045255240 0.995248556
1341846315.630109 0.378031015 0.030820068 0.018193513 -0.010735124 0.087397516 0.042272646 0.995218277
1341846315.666042 0.386443645 0.033514515 0.006841272 -0.011600282 0.087897278 0.042415097 0.995158494
1341846315.698114 0.400854766 0.036694892 -0.012850437 -0.016356118 0.089298263 0.040974069 0.995027304
1341846315.733985 0.386012048 0.030424349 0.023773588 -0.019462029 0.094216064 0.040847357 0.994522989
1341846315.766041 0.367876589 0.036416985 0.022737198 -0.018361267 0.094085723 0.041843850 0.994514883
1341846315.798188 0.378866315 0.030365488 0.022259958 -0.020410653 0.091679439 0.041471489 0.994715214
1341846315.834140 0.374463320 0.028694507 0.031331077 -0.019417820 0.094422430 0.040577862 0.994515359
1341846315.866751 0.373691559 0.025284525 0.023937829 -0.017386245 0.095788233 0.040143449 0.994439960
1341846315.898492 0.372089356 0.022330133 0.019868597 -0.016645689 0.096258156 0.040327571 0.994399786
1341846315.936901 0.362785161 0.016494771 0.022654846 -0.014181524 0.098796949 0.037091352 0.994314969
1341846315.966572 0.355169147 0.016506964 0.023330398 -0.010782109 0.100792319 0.035606451 0.994211674
1341846316.034204 0.348971874 0.011887553 0.015891142 -0.007880921 0.100169040 0.036928724 0.994253635
1341846316.066113 0.342749298 0.014133696 0.019996338 -0.004889534 0.100342840 0.036896739 0.994256556
1341846316.101867 0.341588020 0.016256293 0.010450833 -0.003524984 0.098155729 0.039686080 0.994373202
1341846316.134066 0.318953514 0.015328893 0.003367856 -0.004457914 0.097663604 0.034869265 0.994598508
1341846316.202049 0.303586930 0.007028636 0.013319217 -0.004562352 0.093631268 0.029519128 0.995158792
1341846316.233979 0.298175097 0.008909753 0.007656612 -0.003907376 0.092518382 0.028223746 0.995303273
1341846316.270052 0.299155295 0.011955053 0.013711214 -0.004740041 0.092642955 0.024669386 0.995382488
1341846316.301915 0.292636275 0.004488892 0.014823470 -0.005198667 0.093967825 0.023907345 0.995274544
1341846316.334208 0.288568258 0.008327819 0.021194752 -0.003092582 0.092811532 0.025502648 0.995352209
1341846316.370006 0.282607734 0.000986852 0.010621656 -0.001712626 0.091601714 0.025000619 0.995480359
1341846316.401994 0.271216154 -0.000436201 0.004403017 -0.000455881 0.091872171 0.026678132 0.995413303
1341846316.438069 0.269822091 -0.002015504 0.015551448 0.001999862 0.090878621 0.029864283 0.995412111
1341846316.470076 0.257638782 -0.006946203 0.006915580 0.005807067 0.091151327 0.032232728 0.995298326
1341846316.502034 0.240444049 0.013760725 0.002787609 0.010206088 0.089817896 0.033012256 0.995358586
1341846316.537975 0.226708412 0.010206301 0.000177614 0.007188485 0.087886132 0.029589590 0.995665014
1341846316.570121 0.225169331 -0.001825579 0.002747279 0.005593164 0.087017938 0.029005440 0.995768666
1341846316.601885 0.222471714 -0.004846585 -0.003501646 0.007441859 0.085714497 0.029009396 0.995869577
1341846316.638009 0.206596524 -0.008642917 0.001378350 0.009343524 0.086058721 0.028837817 0.995828807
1341846316.669925 0.197564274 -0.013111105 -0.008537345 0.011460463 0.085518792 0.027834231 0.995881736
1341846316.705941 0.201538548 -0.015326730 0.009097356 0.015739415 0.084567785 0.029477468 0.995857239
1341846316.738062 0.186644956 -0.005655763 -0.000522235 0.018798925 0.084770583 0.030071799 0.995769143
1341846316.770433 0.175767198 0.002579378 -0.001783201 0.019042837 0.084300384 0.029863067 0.995810747
1341846316.805932 0.170460775 -0.009547390 0.006441247 0.018384345 0.084467776 0.029113216 0.995831132
1341846316.838029 0.163258851 -0.004317855 0.008443015 0.020207357 0.082712710 0.031498816 0.995870531
1341846316.870034 0.148848578 -0.011862390 0.011897702 0.019796098 0.080314867 0.031909581 0.996061981
1341846316.906344 0.143135786 -0.010778727 0.004329011 0.021141794 0.076972403 0.031220526 0.996320009
1341846316.937940 0.137311652 -0.009453248 0.001962835 0.021178229 0.075751007 0.028176213 0.996503592
1341846316.973994 0.126555592 -0.005346994 0.007946895 0.021027584 0.074663959 0.028142566 0.996589720
1341846317.005913 0.120287083 -0.011194269 0.013337282 0.018945113 0.071584240 0.029147938 0.996828556
1341846317.037936 0.110914573 -0.011714668 0.014514089 0.019766025 0.069638044 0.027686564 0.996992111
1341846317.073972 0.110974520 -0.014927920 0.013447452 0.020697391 0.066990584 0.029396033 0.997105718
1341846317.106113 0.106706791 -0.015379112 0.015512120 0.023194207 0.065007389 0.034750052 0.997009754
1341846317.137887 0.092457488 -0.021960245 -0.022516523 0.025445692 0.058929369 0.039221570 0.997166753
1341846317.173970 0.077126123 -0.016046444 0.001585944 0.026929544 0.054296270 0.038970489 0.997400641
1341846317.205887 0.078843303 -0.015110062 0.011106018 0.027141906 0.050380755 0.041456353 0.997500122
1341846317.248131 0.074448705 -0.017566176 0.011957399 0.028347062 0.047223970 0.044148669 0.997505486
1341846317.306289 0.056491558 -0.014660525 0.008476855 0.030286536 0.041968260 0.046486083 0.997577250
1341846317.348137 0.057113837 -0.013425688 0.013773703 0.031749018 0.042392287 0.048182745 0.997433364
1341846317.410120 0.037193116 -0.009901633 0.012006284 0.033634335 0.042569287 0.053480964 0.997093976
1341846317.442569 0.045264248 -0.020001428 0.012185337 0.035439380 0.041195799 0.057816837 0.996847093
1341846317.474010 0.028748613 -0.025195217 0.014712049 0.040417146 0.043188170 0.058928296 0.996508241
1341846317.509927 0.014850489 -0.008499048 0.015670968 0.045026392 0.041291587 0.062833257 0.996152401
1341846317.542282 0.003151420 -0.005825622 0.017810771 0.044372216 0.039251726 0.062343873 0.996294975
1341846317.573943 0.012687057 -0.015365400 0.019643350 0.043300439 0.038397357 0.062163088 0.996386707
1341846317.610159 -0.000843847 -0.017533917 0.025171245 0.045895189 0.041403901 0.061691962 0.996179402
1341846317.643553 -0.016302610 -0.011766095 0.029822268 0.048740983 0.041787829 0.065452345 0.995788157
1341846317.677993 -0.024637282 -0.018141069 0.028872186 0.049000856 0.038191035 0.067504741 0.995782852
1341846317.709996 -0.032434605 -0.018583234 0.026007786 0.051611066 0.035845827 0.067795247 0.995718420
1341846317.741834 -0.045220051 -0.009855310 0.021596422 0.052077215 0.035483494 0.065686107 0.995848477
1341846317.777923 -0.044136710 -0.011200394 0.027217204 0.050154544 0.033216845 0.065927133 0.996009409
1341846317.810021 -0.064357139 -0.015995849 0.022554191 0.049517293 0.033048328 0.063008480 0.996235788
1341846317.841886 -0.077367194 -0.008751856 0.025149120 0.049318537 0.032959163 0.060008097 0.996433854
1341846317.878017 -0.083761401 -0.009579568 0.025976475 0.046899326 0.032758135 0.056586426 0.996757388
1341846317.909910 -0.084025182 -0.015435172 0.026915785 0.045522515 0.033236898 0.053734761 0.996963203
1341846317.946031 -0.096769191 -0.018502995 0.032379579 0.046671886 0.034803670 0.055146281 0.996779442
1341846317.978041 -0.101534575 -0.022128191 0.037665419 0.048473034 0.033012960 0.055813067 0.996717334
1341846318.009897 -0.103483781 -0.014710528 0.032523856 0.051755834 0.032901280 0.053199273 0.996698856
1341846318.045949 -0.120151527 -0.013714718 0.033306457 0.051658839 0.035064276 0.051807605 0.996703506
1341846318.078074 -0.129492313 -0.014636395 0.036944829 0.050973248 0.033390954 0.051018480 0.996836960
1341846318.109894 -0.145304948 -0.012826456 0.043296427 0.051042005 0.030687477 0.048931610 0.997024894
1341846318.145957 -0.146531105 -0.016229210 0.030927302 0.049812108 0.027855624 0.046873711 0.997269094
1341846318.178001 -0.155888751 -0.017827200 0.038376898 0.048783515 0.028323714 0.041855216 0.997529984
1341846318.214074 -0.164009720 -0.022982329 0.031626035 0.049542740 0.026194545 0.042006388 0.997544408
1341846318.245970 -0.173711389 -0.027149884 0.036051232 0.052150220 0.020956697 0.042201754 0.997527003
1341846318.278018 -0.184088409 -0.030112816 0.028431719 0.055763818 0.016135285 0.043581545 0.997361839
1341846318.313937 -0.189445913 -0.025609611 0.034556806 0.057892352 0.009415166 0.042848829 0.997358441
1341846318.345989 -0.185710996 -0.028487008 0.040681452 0.059695303 -0.001250049 0.044081636 0.997242033
1341846318.382046 -0.209312841 -0.029574566 0.032973297 0.061213493 -0.005821642 0.040930498 0.997268140
1341846318.414072 -0.221486092 -0.033344377 0.024447232 0.062441662 -0.012191175 0.041773174 0.997099519
1341846318.446035 -0.237058312 -0.035410501 0.021394098 0.064321563 -0.016889801 0.041279767 0.996932030
1341846318.482196 -0.246407181 -0.030131573 0.027890075 0.066213593 -0.018567367 0.041256431 0.996779263
1341846318.514144 -0.242199376 -0.033302076 0.032292485 0.065953031 -0.021016853 0.043030035 0.996672928
1341846318.546259 -0.259149641 -0.039676886 0.026022190 0.066953659 -0.021425897 0.041729219 0.996652782
1341846318.582042 -0.267753303 -0.031042112 0.026493140 0.069117211 -0.020801449 0.041120026 0.996543646
1341846318.614115 -0.271544605 -0.030593695 0.030639654 0.068781443 -0.021679500 0.040931445 0.996555924
1341846318.650038 -0.284539908 -0.034181666 0.027333302 0.067988537 -0.021677846 0.037769452 0.996735215
1341846318.682350 -0.296790749 -0.029372092 0.027037377 0.068052486 -0.021873284 0.034764867 0.996835887
1341846318.714063 -0.305745304 -0.028737538 0.026705820 0.067765109 -0.023000292 0.034130130 0.996852040
1341846318.749905 -0.310675800 -0.034429561 0.026048426 0.068324424 -0.023052713 0.036511671 0.996728241
1341846318.782036 -0.325427592 -0.033063553 0.025950011 0.070023760 -0.023224652 0.038427848 0.996534288
1341846318.814121 -0.339393675 -0.034641001 0.025390994 0.069959290 -0.027939478 0.036792584 0.996479511
1341846318.850072 -0.343585551 -0.040309358 0.017124048 0.069738090 -0.034634646 0.034502603 0.996366680
1341846318.883516 -0.345053494 -0.040414184 0.026622884 0.073157109 -0.042674866 0.033405595 0.995846868
1341846318.918047 -0.337528408 -0.033270642 0.037390195 0.076790802 -0.056601986 0.033552911 0.994873643
1341846318.950044 -0.373819709 -0.043751188 0.022838399 0.077619992 -0.063088641 0.029468158 0.994548440
1341846318.982028 -0.381712794 -0.044675212 0.021838270 0.078854598 -0.066794284 0.027183894 0.994274318
1341846319.018123 -0.405862689 -0.039991882 0.006987020 0.079155385 -0.071459360 0.025715826 0.993965089
1341846319.050745 -0.399592102 -0.046824805 0.022334449 0.080527291 -0.078034662 0.024816237 0.993383169
1341846319.081905 -0.408353895 -0.042515390 0.021800078 0.086294517 -0.076992355 0.024132200 0.992997050
1341846319.117976 -0.427036077 -0.036071420 0.007289648 0.089233480 -0.076151818 0.028656887 0.992681742
1341846319.150093 -0.419357300 -0.041904628 0.000057161 0.090278566 -0.082779117 0.035877384 0.991821647
1341846319.186069 -0.412793875 -0.027486905 0.007128552 0.092745177 -0.084692717 0.036170881 0.991421759
1341846319.218149 -0.417803258 -0.015160714 -0.008932147 0.089839578 -0.079749547 0.034095492 0.992172539
1341846319.250034 -0.432448059 -0.011709441 0.009650595 0.084591977 -0.072061032 0.033475164 0.993242562
1341846319.286594 -0.450709701 -0.024017528 0.024477817 0.081974603 -0.068287052 0.037474383 0.993585825
1341846319.318034 -0.452153474 -0.025127400 0.028969061 0.082494572 -0.068293549 0.041322809 0.993389666
1341846319.350268 -0.465402335 -0.027179133 0.026474595 0.083268508 -0.067500338 0.047792744 0.993089080
1341846319.386163 -0.467667013 -0.034109034 -0.014159691 0.083860405 -0.073098421 0.055803541 0.992224753
1341846319.418386 -0.468420833 -0.025918180 -0.019995242 0.085748464 -0.078312904 0.055220641 0.991698027
1341846319.453961 -0.468988687 -0.023246281 -0.015893579 0.086308718 -0.080439456 0.052200735 0.991642773
1341846319.486271 -0.484559923 -0.021512624 -0.030241460 0.085245825 -0.080049872 0.051490739 0.991803348
1341846319.554083 -0.502254963 -0.028115273 -0.001471691 0.079763137 -0.086416326 0.050110865 0.991795838
1341846319.586296 -0.517633915 -0.031154737 0.003201425 0.080098614 -0.085725695 0.046248723 0.992016315
1341846319.622031 -0.534668326 -0.029815134 -0.016782410 0.078490682 -0.088577792 0.043547794 0.992016554
1341846319.653962 -0.540373981 -0.036329888 -0.001127668 0.077698007 -0.093858883 0.042445157 0.991641045
1341846319.686352 -0.544549048 -0.036187250 -0.001050606 0.079559498 -0.097828932 0.045000106 0.990996838
1341846319.721992 -0.552368164 -0.033348612 -0.015642554 0.080252908 -0.101628236 0.045187209 0.990549982
1341846319.754063 -0.558616221 -0.020078802 -0.004900232 0.077923238 -0.103868835 0.044166453 0.990549624
1341846319.786397 -0.558847368 -0.022471085 0.003393777 0.073319532 -0.104268365 0.049100909 0.990626812
1341846319.822008 -0.566420436 -0.023589158 0.004227176 0.069919780 -0.104997568 0.052686304 0.990611374
1341846319.853917 -0.573716998 -0.024133900 0.004988343 0.064859346 -0.105482750 0.056541767 0.990691543
1341846319.889942 -0.578966737 -0.032833025 0.004146867 0.061426606 -0.106224343 0.061365161 0.990544021
1341846319.922039 -0.586800694 -0.037204765 -0.009644963 0.060957003 -0.110412054 0.062805153 0.990024686
1341846319.953946 -0.587327003 -0.037148245 0.018798411 0.061971437 -0.116672635 0.058894314 0.989483953
1341846319.990054 -0.585596621 -0.036637247 0.011883259 0.064651594 -0.119651973 0.052200790 0.989332438
1341846320.028122 -0.584623575 -0.039224476 -0.001131430 0.066430807 -0.123876549 0.051764902 0.988717318
1341846320.090047 -0.572202563 -0.030287514 0.015539497 0.072158061 -0.131675750 0.053130433 0.987234473
1341846320.122011 -0.562606096 -0.029636906 0.016918272 0.072597414 -0.129536659 0.053430617 0.987469018
1341846320.157952 -0.556372941 -0.031143103 0.008591920 0.072761044 -0.126785547 0.053711750 0.987798691
1341846320.190003 -0.540872991 -0.032955796 0.002055421 0.075915694 -0.124088064 0.051707860 0.988010764
1341846320.221941 -0.541898489 -0.031413034 0.025088161 0.080390483 -0.120218337 0.052720934 0.988081694
1341846320.258015 -0.531499863 -0.038220655 0.025905885 0.083858408 -0.119483463 0.055998888 0.987702191
1341846320.289887 -0.514257967 -0.050195459 0.019880131 0.088345729 -0.121597387 0.056952719 0.986998200
1341846320.321954 -0.507046402 -0.040185250 0.013530202 0.098500080 -0.122210152 0.054313306 0.986109793
1341846320.357890 -0.487020522 -0.036257487 0.018216357 0.103533052 -0.122844271 0.054526713 0.985503435
1341846320.390064 -0.473313451 -0.036811799 -0.003442854 0.104276717 -0.118952036 0.057268906 0.985746920
1341846320.426544 -0.456462502 -0.038282901 -0.001199596 0.107136682 -0.111344852 0.053031780 0.986565590
1341846320.458122 -0.445577532 -0.036607236 0.020256251 0.108274661 -0.104962595 0.050900441 0.987253070
1341846320.490186 -0.430016547 -0.041434258 0.002144054 0.111479484 -0.097628772 0.049844913 0.987702608
1341846320.525911 -0.415826648 -0.043756027 -0.014770374 0.114253901 -0.090182178 0.047875911 0.988190830
1341846320.558091 -0.409429193 -0.038032942 0.004832223 0.115989387 -0.086556710 0.044331860 0.988478184
1341846320.594093 -0.382938176 -0.045331135 0.001035579 0.116909541 -0.082077079 0.040886376 0.988900304
1341846320.631955 -0.373135924 -0.037747599 0.035718855 0.120498694 -0.074899174 0.040232521 0.989065945
1341846320.664916 -0.364563733 -0.032531232 0.041232422 0.120763540 -0.072634734 0.038395088 0.989275575
1341846320.699927 -0.350591093 -0.036793835 0.042441875 0.120558366 -0.069483958 0.037383743 0.989565611
1341846320.731822 -0.340283781 -0.033650219 0.030590497 0.122804098 -0.062875390 0.035916302 0.989785790
1341846320.763877 -0.341471940 -0.010250825 0.015703570 0.121116437 -0.061223097 0.036172658 0.990087926
1341846320.799999 -0.321536183 -0.033844985 0.017348051 0.112411365 -0.063327909 0.032042716 0.991123855
1341846320.831871 -0.265451074 -0.037070144 0.002815105 0.114743926 -0.054032233 0.028933374 0.991502523
1341846320.863887 -0.261536807 -0.033492837 0.032472692 0.113463178 -0.045812115 0.028061293 0.992088675
1341846320.900014 -0.284699917 -0.036515143 0.040793449 0.105664194 -0.049817819 0.034846295 0.992541671
1341846320.931889 -0.279657036 -0.036708117 0.001044944 0.107574120 -0.048319124 0.031342488 0.992527425
1341846320.967866 -0.286774963 -0.018628418 0.024040399 0.107487261 -0.041213967 0.028141104 0.992953181
1341846321.000017 -0.284395874 -0.027637735 0.020418562 0.100775585 -0.040924314 0.026265470 0.993720055
1341846321.031860 -0.268850982 -0.037473630 0.008864719 0.098347880 -0.040521029 0.024608318 0.994022250
1341846321.068047 -0.259547383 -0.024553452 0.024862319 0.099664174 -0.036922082 0.021484010 0.994103730
1341846321.099840 -0.254427642 -0.027797103 0.017389495 0.096897028 -0.035634991 0.022431891 0.994403303
1341846321.131821 -0.224990442 -0.037379276 0.027135359 0.097149439 -0.035501737 0.024177523 0.994342506
1341846321.167887 -0.223732620 -0.032838378 0.021834807 0.099796288 -0.030938050 0.025066219 0.994210839
1341846321.200042 -0.219527990 -0.028157376 0.024310693 0.100346714 -0.028453186 0.024056161 0.994254649
1341846321.231950 -0.207074404 -0.040644143 0.016603664 0.098628327 -0.027739355 0.023443382 0.994461358
1341846321.267939 -0.183408350 -0.030166110 0.021442700 0.100152530 -0.026879596 0.018957309 0.994428277
1341846321.299948 -0.181851611 -0.034725659 0.020497754 0.098383352 -0.021758841 0.011438114 0.994844913
1341846321.331858 -0.176393285 -0.039341874 0.022751000 0.098433413 -0.019065684 0.008730381 0.994922698
1341846321.367913 -0.154024556 -0.045826703 0.017716277 0.099532947 -0.017459217 0.004390119 0.994871378
1341846321.399897 -0.147995353 -0.035161622 0.030475093 0.102407150 -0.012184349 0.003739127 0.994660914
1341846321.435994 -0.146003097 -0.041401673 0.032539338 0.103365615 -0.008500027 0.002707738 0.994603455
1341846321.467946 -0.134077266 -0.037752450 0.032740738 0.105605192 -0.006401964 0.003755837 0.994380414
1341846321.499882 -0.122690484 -0.039148852 0.034504037 0.106934927 -0.003178667 0.003864362 0.994253457
1341846321.536109 -0.093499012 -0.029904947 0.025735231 0.107016318 0.000371813 0.001727339 0.994255722
1341846321.568960 -0.107558213 -0.021970470 0.035324138 0.104273178 0.008417617 -0.001065781 0.994512498
1341846321.603938 -0.100988515 -0.030166477 0.037420116 0.100486465 0.010959251 -0.002015081 0.994876027
1341846321.637163 -0.062864140 -0.020569757 -0.002496352 0.098402664 0.013245985 -0.000742801 0.995058239
1341846321.668306 -0.090359919 -0.025313348 0.040683821 0.093239248 0.025910931 0.000783677 0.995306194
1341846321.704411 -0.095120303 -0.022191752 0.050863516 0.090867333 0.027031438 0.009117599 0.995454371
1341846321.736861 -0.084296875 -0.021723419 0.050247453 0.089831725 0.024130404 0.017039683 0.995518804
1341846321.771881 -0.069687963 -0.008441406 0.044791099 0.087711781 0.023781648 0.021476287 0.995630383
1341846321.804114 -0.059617650 -0.013659777 0.046100251 0.083048068 0.025684599 0.024801053 0.995905757
1341846321.836152 -0.062839225 -0.005262766 0.051121656 0.080668926 0.028544888 0.024491170 0.996031046
1341846321.871882 -0.053004522 0.001153239 0.046657078 0.075389266 0.029092113 0.022853836 0.996467650
1341846321.904074 -0.046599999 -0.002577901 0.053275920 0.068810873 0.030304994 0.018605435 0.996995747
1341846321.939847 -0.046425655 -0.006581611 0.055477418 0.064768128 0.033771355 0.015738346 0.997204542
1341846322.004094 -0.053357400 -0.011010826 0.065324321 0.057763878 0.032296479 0.015394548 0.997689009
1341846322.066178 -0.031886067 -0.017921304 0.060733434 0.052929491 0.035920087 0.012905071 0.997868598
1341846322.107979 -0.037715100 -0.033486050 0.064606898 0.050049692 0.038505469 0.011568387 0.997937143
1341846322.166164 -0.036714382 -0.054725751 0.059323411 0.052888405 0.038106862 0.011596037 0.997805715
1341846322.202932 -0.034337394 -0.061744541 0.057699058 0.054046046 0.035615742 0.011433135 0.997837603
1341846322.234093 -0.033389010 -0.063955739 0.059709184 0.053085830 0.033999830 0.009658604 0.997964263
1341846322.265941 -0.034913901 -0.071220934 0.055755552 0.050721511 0.031251274 0.009981361 0.998173892
1341846322.301996 -0.024719752 -0.086819895 0.058766089 0.048640717 0.028837016 0.010817152 0.998341382
1341846322.333949 -0.036883533 -0.101673134 0.051316366 0.047276493 0.027888812 0.010018268 0.998442173
1341846322.369871 -0.026756095 -0.114750683 0.057014264 0.048274707 0.021910872 0.006856965 0.998570204
1341846322.402292 -0.010634770 -0.132058620 0.044016819 0.049697291 0.022716047 0.000295745 0.998505950
1341846322.433955 -0.024314914 -0.152917385 0.054402255 0.054195646 0.024812937 -0.002309466 0.998219311
1341846322.470030 -0.018382784 -0.158372700 0.066017047 0.062857069 0.019616595 0.002968617 0.997825325
1341846322.502433 -0.008691108 -0.173695132 0.061297655 0.068365067 0.016037686 0.005957516 0.997513652
1341846322.534002 -0.008653209 -0.190785602 0.052330382 0.076828040 0.016608724 0.006117416 0.996887207
1341846322.570196 -0.007687468 -0.199291840 0.061983537 0.086643763 0.016008643 0.008412872 0.996075213
1341846322.601920 -0.005024633 -0.212124228 0.055320181 0.091078058 0.012134344 0.013762156 0.995674729
1341846322.638119 0.003165762 -0.224479362 0.059053086 0.096951470 0.009111058 0.012034039 0.995174646
1341846322.669947 0.018414224 -0.226138115 0.062126391 0.101989336 0.011102659 0.011776873 0.994653821
1341846322.702026 0.001124696 -0.236911580 0.062053386 0.104878344 0.014295113 0.012430226 0.994304657
1341846322.738006 0.008149127 -0.236474946 0.064364947 0.106550269 0.010958225 0.014600866 0.994139731
1341846322.770087 0.015133465 -0.258971632 0.067936897 0.106154077 0.011536920 0.013858549 0.994186163
1341846322.806047 0.008669891 -0.272835791 0.065717101 0.108838961 0.011568309 0.016264079 0.993859053
1341846322.838063 0.004319377 -0.276152790 0.065523133 0.111151308 0.007362496 0.017907612 0.993614852
1341846322.870081 0.011804439 -0.291466415 0.070523702 0.113007754 0.001826570 0.018696757 0.993416548
1341846322.906018 0.019993935 -0.292708755 0.070416905 0.118223459 0.000142927 0.019024463 0.992804766
1341846322.938349 0.017921766 -0.282310784 0.077811211 0.119025230 0.001358178 0.019992389 0.992689013
1341846322.970069 0.019223461 -0.290840983 0.066367924 0.113844417 0.001002755 0.021939497 0.993255794
1341846323.011820 0.024881197 -0.306247711 0.077438772 0.111269884 0.001180188 0.022597877 0.993532598
1341846323.073951 0.024795786 -0.308327109 0.079349563 0.108293481 0.000898796 0.027270824 0.993744493
1341846323.105962 0.021885959 -0.327021509 0.080294386 0.104764327 0.001310461 0.026430441 0.994144917
1341846323.138158 0.022441119 -0.328435212 0.079983346 0.105667762 0.001274597 0.022807680 0.994139075
1341846323.174092 0.019855300 -0.327939659 0.080550626 0.103755176 0.001029448 0.022027355 0.994358420
1341846323.206059 0.030734360 -0.335699230 0.083572313 0.100755729 -0.000157176 0.019673606 0.994716644
1341846323.238053 0.031356152 -0.337691486 0.085500151 0.098250918 0.003046127 0.017555734 0.995002151
1341846323.273997 0.019280778 -0.336339653 0.079269707 0.094627425 0.003671936 0.018946886 0.995325685
1341846323.305946 0.023078009 -0.348933309 0.079144299 0.088965371 -0.000431070 0.018957473 0.995854199
1341846323.342027 0.050527342 -0.361922741 0.088220328 0.086660847 -0.000443516 0.018128892 0.996072829
1341846323.374048 0.028850373 -0.367108852 0.093123987 0.087111734 0.004058888 0.019800041 0.995993495
1341846323.405987 0.016940638 -0.384423912 0.080288246 0.086442463 0.000473625 0.024879644 0.995946050
1341846323.441956 0.029635752 -0.395135850 0.092468083 0.087609828 -0.003900711 0.026352355 0.995798588
1341846323.473878 0.030243400 -0.406942487 0.087724648 0.091496885 -0.002322764 0.024526227 0.995500565
1341846323.506129 0.023661437 -0.399147332 0.083504111 0.094522446 -0.002053129 0.021940157 0.995278776
1341846323.541972 0.034572784 -0.400821745 0.086593568 0.092783421 -0.002997502 0.020138793 0.995478153
1341846323.573913 0.061300699 -0.423219264 0.076194167 0.091514252 -0.000064940 0.014456438 0.995698810
1341846323.609927 0.044245772 -0.416767508 0.078613691 0.092403531 0.006769550 0.011663221 0.995630324
1341846323.642014 0.028793167 -0.428510278 0.082635567 0.091079928 0.009459932 0.011819612 0.995728493
1341846323.674081 0.025425607 -0.439142406 0.090165541 0.091126077 0.007807511 0.013832931 0.995712698
1341846323.710069 0.032499254 -0.458189249 0.077895403 0.092255972 0.006197338 0.019010080 0.995534539
1341846323.742111 0.026595231 -0.460878372 0.086041078 0.097866043 0.004452480 0.018755903 0.995012879
1341846323.774928 0.029588010 -0.460761219 0.081065051 0.101242237 0.002013519 0.016081747 0.994729757
1341846323.810012 0.029269831 -0.468244225 0.075879306 0.102139838 0.001127753 0.012493271 0.994690955
1341846323.842207 0.033964895 -0.472360969 0.076035902 0.103474908 0.001008856 0.007903164 0.994600177
1341846323.878019 0.027057169 -0.487296671 0.072918348 0.103694193 0.000498032 0.003353992 0.994603455
1341846323.909826 0.029026840 -0.494824380 0.072995812 0.107483879 -0.001240416 -0.001204518 0.994205356
1341846323.942459 0.023579748 -0.496845752 0.077248760 0.111296467 -0.001024397 -0.002023913 0.993784666
1341846323.978055 0.017812401 -0.500839412 0.070687309 0.113527320 -0.003628445 -0.000398482 0.993528187
1341846324.015934 0.029483140 -0.503272057 0.067860499 0.117218919 -0.006399563 0.000243710 0.993085444
1341846324.047722 0.030077934 -0.492442906 0.072974518 0.121065073 -0.004798911 -0.001140833 0.992632329
1341846324.083904 0.029130042 -0.478595138 0.076868929 0.121636100 -0.003298786 -0.001373474 0.992568314
1341846324.115968 0.028928235 -0.475480527 0.072851509 0.119613372 -0.001375936 -0.004064552 0.992811263
1341846324.151967 0.035375468 -0.471675813 0.075298786 0.119211353 0.000994402 -0.008308005 0.992833614
1341846324.183941 0.033856839 -0.457114667 0.068789110 0.116641328 0.005203297 -0.011045731 0.993099034
1341846324.219984 0.023477022 -0.448985100 0.083966210 0.113035694 0.007464421 -0.009884735 0.993513703
1341846324.251968 0.023120729 -0.452763081 0.081789702 0.111754313 0.007420792 -0.009943454 0.993658423
1341846324.284052 0.016247880 -0.438345283 0.079835661 0.112667181 0.007236712 -0.011335116 0.993541718
1341846324.319880 0.015640745 -0.423971266 0.071007460 0.111600302 0.003673741 -0.011895061 0.993675172
1341846324.351917 0.023153774 -0.408150136 0.067651950 0.108414724 -0.000149189 -0.012686907 0.994024813
1341846324.388001 0.028620223 -0.397779465 0.075942166 0.104301959 -0.000344757 -0.016507367 0.994408607
1341846324.419908 0.024961559 -0.384542406 0.082954250 0.099923566 0.001887141 -0.019191451 0.994808257
1341846324.452027 0.019401882 -0.386036783 0.086769305 0.094986826 0.002385713 -0.019083006 0.995292723
1341846324.487928 0.015878301 -0.384410739 0.087661050 0.092848703 0.002289932 -0.017501589 0.995523810
1341846324.519985 0.004278207 -0.366746575 0.095671661 0.092566982 0.000703022 -0.012609620 0.995626390
1341846324.556001 0.007624721 -0.352122903 0.088023409 0.090460889 -0.004720710 -0.007487357 0.995860696
1341846324.587888 0.009469671 -0.345026702 0.085917495 0.086637914 -0.007811409 -0.005786611 0.996192455
1341846324.620086 0.010279023 -0.340698719 0.078877293 0.084211677 -0.010294736 -0.008642543 0.996357262
1341846324.655955 0.013555717 -0.320978165 0.086755276 0.083571166 -0.011503352 -0.009681005 0.996388376
1341846324.688082 0.010469130 -0.319635510 0.095030434 0.082877666 -0.011343079 -0.008574620 0.996458292
1341846324.755922 -0.009034008 -0.280716002 0.085033529 0.084676556 -0.013359233 -0.005360860 0.996304512
1341846324.814016 0.016675919 -0.249457330 0.081383750 0.079756923 -0.020674393 -0.007538770 0.996571422
1341846324.849979 0.000672563 -0.235841483 0.093724854 0.074715719 -0.016679266 -0.011061548 0.997004032
1341846324.881924 -0.003410273 -0.238116890 0.105128311 0.070975155 -0.017922131 -0.009963980 0.997267306
1341846324.913902 0.000352708 -0.223072872 0.104063734 0.070597336 -0.019500298 -0.006892574 0.997290432
1341846324.949999 -0.002405087 -0.229804352 0.107302636 0.070360899 -0.019443486 -0.004090043 0.997323751
1341846324.981922 -0.014460315 -0.223913416 0.107027069 0.074765950 -0.021324093 -0.001038232 0.996972561
1341846325.018013 -0.011693659 -0.211035311 0.101623774 0.079176404 -0.026829582 0.001994494 0.996497512
1341846325.050079 -0.018091511 -0.194486886 0.098180361 0.081448182 -0.031088540 0.000366833 0.996192575
1341846325.081901 -0.016784742 -0.175923988 0.094622858 0.080908336 -0.036498718 -0.001820174 0.996051431
1341846325.118531 0.000377283 -0.159664840 0.089865297 0.076887280 -0.039226051 -0.002606092 0.996264458
1341846325.149933 -0.004390943 -0.159506410 0.095199227 0.071130939 -0.036600217 -0.004502090 0.996785164
1341846325.181925 -0.006207725 -0.156629995 0.095404923 0.067475073 -0.035499495 -0.001749964 0.997087717
1341846325.218055 -0.007014909 -0.150153399 0.100132823 0.064769909 -0.035507359 0.002022171 0.997266293
1341846325.249811 -0.011297697 -0.141713053 0.104037166 0.062678136 -0.035443384 0.006376761 0.997383833
1341846325.285925 -0.009936733 -0.130577728 0.103483908 0.060147110 -0.036094692 0.009558590 0.997490942
1341846325.317988 0.003949658 -0.135490939 0.098827042 0.057521522 -0.034464810 0.011245293 0.997685850
1341846325.349844 -0.008773351 -0.134997621 0.115809619 0.060568217 -0.028333602 0.012077537 0.997688770
1341846325.387302 -0.006539468 -0.120920293 0.119444117 0.065661542 -0.025900546 0.014676806 0.997397780
1341846325.417931 0.003114051 -0.117382601 0.108340010 0.068040513 -0.021446127 0.017829973 0.997292697
1341846325.450747 0.012100277 -0.117535323 0.141969368 0.073567450 -0.013441215 0.019937443 0.997000337
1341846325.485954 -0.002802292 -0.093595490 0.146471888 0.083587691 -0.005932819 0.022226339 0.996234894
1341846325.517875 0.000708565 -0.084449403 0.151595920 0.087130144 -0.003960927 0.024566649 0.995886087
1341846325.553859 -0.000227528 -0.078459106 0.151639298 0.090049587 -0.000312286 0.023872176 0.995651066
1341846325.585855 -0.012139392 -0.067414187 0.123853795 0.091334336 0.003422773 0.022714037 0.995555341
1341846325.617990 -0.012001556 -0.047939852 0.127862424 0.088943824 0.004874232 0.021864519 0.995784700
1341846325.653982 -0.016893432 -0.063513495 0.129811734 0.085105039 0.007203915 0.018498726 0.996174157
1341846325.685819 -0.016425364 -0.061947182 0.129269004 0.090312086 0.008319048 0.020360906 0.995670617
1341846325.717857 -0.020842325 -0.045272857 0.141891539 0.095555186 0.009752124 0.027186073 0.995005012
1341846325.754083 -0.024997819 -0.046190955 0.135903716 0.098272666 0.009961171 0.031203913 0.994620323
1341846325.786087 -0.016406344 -0.040002182 0.135854676 0.104777269 0.009751450 0.032892108 0.993903816
1341846325.821856 -0.017681668 -0.018430250 0.139839470 0.109451257 0.011739225 0.034117028 0.993337154
1341846325.853827 -0.030116588 -0.010681495 0.149636507 0.110117093 0.013067520 0.036956374 0.993145347
1341846325.885958 -0.034805559 -0.005677661 0.135471389 0.110013552 0.010343672 0.043253634 0.992934585
1341846325.921984 -0.030033385 0.001089137 0.148349956 0.109092988 0.005899748 0.048100095 0.992849588
1341846325.953899 -0.023256579 0.010263950 0.151740372 0.112688079 0.006229302 0.048277136 0.992437363
1341846325.985823 -0.027800100 0.024082463 0.158707440 0.115825139 0.009381905 0.052766856 0.991822660
1341846326.021991 -0.031765379 0.024895292 0.159665063 0.118348852 0.009686408 0.058566622 0.991196096
1341846326.054055 -0.029648593 0.039118238 0.159651712 0.123851597 0.008908142 0.061434582 0.990357101
1341846326.089984 -0.021490378 0.058295272 0.159824237 0.126804069 0.010215580 0.060797770 0.990010083
1341846326.121822 -0.026017573 0.069013685 0.161509961 0.126394421 0.014618928 0.058486834 0.990146518
1341846326.154079 -0.025691759 0.065502398 0.166977629 0.126173541 0.016617950 0.058119275 0.990164757
1341846326.190178 -0.027415235 0.080615297 0.171741083 0.129280493 0.016122477 0.060429189 0.989633739
1341846326.222162 -0.033616725 0.093574777 0.163752645 0.128675625 0.014897214 0.065650575 0.989399135
1341846326.259181 -0.038828611 0.108305871 0.170073062 0.125688687 0.012527458 0.069860652 0.989527643
1341846326.322766 -0.035511069 0.132321402 0.173963010 0.118748397 0.012036604 0.068838619 0.990462065
1341846326.359773 -0.028101418 0.136898711 0.179939896 0.114577323 0.012858440 0.067197159 0.991055608
1341846326.392109 -0.027581837 0.129751951 0.186658204 0.112398334 0.014763965 0.068638310 0.991179764
1341846326.423985 -0.029316498 0.143189356 0.196561441 0.117592260 0.015818592 0.073264897 0.990229368
1341846326.459869 -0.036737807 0.161159411 0.198572412 0.120363593 0.013750291 0.075771831 0.989738464
1341846326.526163 -0.021213887 0.191777706 0.193826273 0.120538838 0.014245375 0.076291367 0.989670217
1341846326.560211 -0.031203164 0.204161629 0.213768184 0.116358884 0.019250728 0.074202180 0.990244448
1341846326.591828 -0.027114376 0.202843219 0.202016577 0.111868411 0.020595193 0.077960670 0.990446091
1341846326.627027 -0.027293529 0.217360348 0.213130474 0.112189345 0.022005126 0.077267610 0.990433812
1341846326.658442 -0.024719087 0.229452357 0.204351455 0.109714128 0.025677374 0.076039843 0.990717649
1341846326.694856 -0.031716995 0.241153523 0.211543888 0.105848834 0.029805422 0.076112241 0.991016924
1341846326.726206 -0.031007126 0.254563779 0.210160747 0.099935733 0.030477351 0.075668283 0.991644263
1341846326.762753 -0.028383989 0.269374013 0.210336685 0.094833180 0.032903511 0.072172329 0.992328167
1341846326.826821 -0.039441377 0.292557329 0.223355442 0.079254918 0.040003195 0.064524643 0.993959248
1341846326.858887 -0.039293833 0.301859111 0.224729478 0.071257316 0.040834423 0.064050145 0.994561493
1341846326.895360 -0.038177103 0.297600150 0.234601155 0.067959651 0.040099263 0.066118628 0.994686842
1341846326.926897 -0.042681687 0.306059629 0.237213627 0.069795065 0.036563296 0.068726055 0.994519234
1341846326.958888 -0.037495792 0.316133022 0.227755904 0.072951235 0.034019150 0.072197065 0.994136989
1341846326.994594 -0.031959768 0.332503915 0.228218123 0.074589610 0.033915296 0.074602470 0.993841350
1341846327.026301 -0.031833291 0.346843272 0.225220859 0.072694913 0.035325490 0.073358282 0.994025230
1341846327.063945 -0.030166745 0.348161578 0.235856816 0.069027320 0.037886802 0.070265569 0.994415700
1341846327.094662 -0.030607106 0.360215366 0.235958904 0.069085807 0.039894756 0.068105862 0.994483352
1341846327.128901 -0.034244321 0.369392931 0.242585093 0.068229921 0.040338017 0.066754304 0.994616210
1341846327.161940 -0.033687472 0.381591320 0.241736844 0.067340881 0.039130643 0.066027284 0.994773507
1341846327.193867 -0.027452935 0.385126531 0.241235167 0.065541998 0.040142182 0.063585058 0.995012462
1341846327.229885 -0.028282207 0.399679750 0.243170366 0.066912077 0.043789458 0.061947998 0.994870722
1341846327.262014 -0.018185288 0.416783839 0.243992150 0.067163981 0.046513267 0.061195984 0.994776666
1341846327.294023 -0.044114225 0.419032812 0.231557012 0.069336258 0.061918933 0.053593203 0.994226456
1341846327.330015 -0.025279623 0.450323820 0.248855576 0.074182391 0.069923110 0.051267281 0.993468344
1341846327.361939 -0.026072236 0.458065003 0.250990450 0.070230380 0.075676896 0.044962633 0.993639290
1341846327.393887 -0.030527307 0.470833540 0.252531588 0.069732644 0.078345157 0.038485929 0.993739486
1341846327.429966 -0.042419195 0.486412823 0.243517369 0.067935124 0.079211637 0.036609773 0.993866205
1341846327.461965 -0.058086377 0.509041548 0.265418231 0.059037406 0.076438501 0.034866542 0.994714081
1341846327.497931 -0.041547414 0.523205400 0.285148084 0.056915678 0.073924333 0.035787936 0.994994998
1341846327.530068 -0.028843168 0.536117911 0.285813361 0.056079932 0.071899392 0.041865997 0.994953632
1341846327.561895 -0.038548835 0.541730583 0.286089271 0.053769920 0.070126772 0.045455296 0.995050192
1341846327.598010 -0.041036241 0.546042204 0.290002495 0.055461630 0.067234367 0.049742859 0.994951844
1341846327.629945 -0.045254521 0.560885310 0.291210145 0.056213077 0.062839858 0.050222252 0.995172799
1341846327.662003 -0.039018512 0.562140405 0.297659308 0.054828599 0.058870576 0.045089241 0.995738447
1341846327.697919 -0.041788861 0.585696280 0.286634684 0.059203342 0.057851471 0.047025062 0.995458066
1341846327.730075 -0.052613981 0.610534310 0.267445415 0.055428345 0.056949306 0.046283457 0.995762169
1341846327.766017 -0.045771215 0.611372530 0.294408202 0.049148373 0.057373103 0.045949616 0.996083021
1341846327.797917 -0.043035887 0.637373924 0.297814012 0.047458269 0.056076989 0.049571238 0.996065140
1341846327.830054 -0.045087200 0.635005474 0.298283279 0.038933180 0.055860709 0.050034177 0.996423781
1341846327.865944 -0.046622228 0.640873611 0.295394361 0.033525456 0.057460036 0.047949675 0.996631920
1341846327.898010 -0.049659379 0.656077743 0.299511313 0.032805797 0.058320154 0.051327832 0.996437669
1341846327.929991 -0.043950558 0.666064620 0.303125918 0.029020345 0.056173000 0.050035410 0.996744156
1341846327.966065 -0.043844249 0.679222107 0.302369982 0.025106607 0.056437321 0.047524456 0.996958315
1341846327.998073 -0.041733116 0.683961987 0.300081104 0.017984254 0.056818474 0.045207370 0.997198343
1341846328.034045 -0.045581218 0.690812469 0.301486552 0.011799921 0.058280814 0.042658489 0.997318566
1341846328.065993 -0.045731526 0.689841747 0.303637892 0.005612960 0.059150133 0.042481534 0.997328997
1341846328.098045 -0.048714705 0.675571740 0.307373494 0.003503285 0.060093541 0.044228837 0.997206271
1341846328.133967 -0.048891567 0.675623834 0.303684622 0.006626355 0.058694746 0.047547620 0.997120976
1341846328.166023 -0.052661035 0.673362315 0.298590600 0.006284331 0.055830937 0.048197135 0.997256458
1341846328.198018 -0.053279579 0.654869974 0.297851384 0.004923457 0.053454142 0.045308653 0.997529685
1341846328.234044 -0.047677934 0.643668771 0.294557840 0.007384921 0.051231019 0.044392403 0.997672379
1341846328.265899 -0.049703807 0.631793678 0.292518914 0.009139546 0.049551170 0.045594312 0.997688472
1341846328.302051 -0.048117828 0.610550523 0.289902985 0.011168019 0.049745135 0.045462973 0.997664213
1341846328.333917 -0.053527702 0.587877631 0.290507883 0.012456790 0.050509844 0.046505425 0.997562468
1341846328.366008 -0.055266231 0.567060888 0.304998934 0.017414300 0.050176777 0.043103423 0.997657835
1341846328.402010 -0.054330319 0.545371652 0.295354456 0.029385541 0.052366875 0.045888260 0.997140169
1341846328.433920 -0.050699726 0.534909546 0.272530526 0.033227880 0.049738251 0.047378153 0.997084439
1341846328.470003 -0.043647643 0.513156891 0.284491003 0.033304084 0.047463898 0.041124035 0.997470260
1341846328.502194 -0.034295410 0.473406583 0.271940470 0.032137409 0.048849188 0.032335185 0.997765183
1341846328.534033 -0.033960052 0.456489623 0.272932202 0.033354368 0.052075658 0.028989436 0.997664869
1341846328.570125 -0.040082097 0.433648169 0.270296603 0.034611370 0.053534139 0.029506002 0.997529745
1341846328.602804 -0.042643934 0.402693540 0.262590587 0.038774882 0.048853252 0.031189570 0.997565627
1341846328.672663 -0.037612807 0.363201469 0.249180630 0.048322216 0.035557564 0.030192001 0.997741997
1341846328.702975 -0.031003136 0.347528845 0.250236630 0.050673138 0.031933315 0.028458115 0.997798920
1341846328.770129 -0.017633550 0.321620852 0.245410964 0.059860978 0.027670443 0.026461875 0.997472167
1341846328.802331 -0.013419270 0.304643840 0.241510645 0.060452487 0.023845159 0.028067682 0.997491419
1341846328.838051 -0.010166586 0.285957813 0.234797060 0.064253278 0.022494210 0.023686055 0.997398853
1341846328.869939 -0.008177561 0.290095985 0.229462862 0.064774290 0.020564603 0.023494169 0.997411370
1341846328.904486 -0.016712006 0.269864261 0.231144175 0.059822991 0.019131381 0.022439281 0.997773349
1341846328.939814 -0.005980820 0.236337975 0.224085659 0.061726935 0.015446487 0.022914438 0.997710466
1341846328.970217 -0.001778335 0.236722440 0.218906835 0.066247039 0.013427569 0.026124392 0.997370839
1341846329.006232 0.004047069 0.226695627 0.222501099 0.067251801 0.009814564 0.031851433 0.997179210
1341846329.038243 0.005127187 0.206231683 0.219793186 0.070481814 0.009281988 0.031588573 0.996969581
1341846329.106125 0.006131538 0.202142850 0.202126533 0.073594004 0.009430844 0.028651491 0.996832013
1341846329.138340 0.010748615 0.184374452 0.199662417 0.074653782 0.008104930 0.027407793 0.996799827
1341846329.169991 0.012686970 0.183755174 0.192999795 0.076835774 0.006899865 0.026885701 0.996657312
1341846329.208656 0.014248506 0.172054619 0.192277819 0.076855890 0.005904795 0.026045034 0.996684492
1341846329.238169 0.017205615 0.173132569 0.186789960 0.076803222 0.004766615 0.026001519 0.996695757
1341846329.273827 0.017686794 0.155544043 0.186458960 0.074176461 0.003685371 0.027298301 0.996864617
1341846329.306052 0.016545447 0.155007750 0.183636963 0.075298280 0.001336548 0.025811536 0.996826053
1341846329.338104 0.021797802 0.153526664 0.178277984 0.071749777 -0.000652227 0.024121730 0.997130752
1341846329.373907 0.020772850 0.130685180 0.180643663 0.067626357 -0.001118153 0.021164196 0.997485578
1341846329.405985 0.022317091 0.121358454 0.177883968 0.068878517 -0.002692338 0.018903382 0.997442305
1341846329.442057 0.022531191 0.119099915 0.171536982 0.068502188 -0.003290137 0.015934279 0.997518301
1341846329.473950 0.018477691 0.102429703 0.174611121 0.066923894 -0.004013003 0.008761269 0.997711539
1341846329.506147 0.019686367 0.101383932 0.173025981 0.067715138 -0.006369182 0.007555185 0.997655749
1341846329.542121 0.020067502 0.085805185 0.167894110 0.065286942 -0.009418933 0.006906780 0.997798204
1341846329.574086 0.022619627 0.068038583 0.165518418 0.067283809 -0.011511941 0.005508760 0.997652233
1341846329.606387 0.020320337 0.068231761 0.162075087 0.070240855 -0.011896230 0.004163811 0.997450471
1341846329.641955 0.018646037 0.062639609 0.158559948 0.069950439 -0.012934572 0.005250328 0.997452796
1341846329.681570 0.017573489 0.049873501 0.156048149 0.068740353 -0.016101895 0.005429897 0.997489870
1341846329.748113 0.021860488 0.046755776 0.153930753 0.071212143 -0.016176680 0.002464224 0.997326970
1341846329.810175 0.021329878 0.020121545 0.154857203 0.068641886 -0.013001322 0.007003193 0.997532070
1341846329.842255 0.019950267 0.013690943 0.157286555 0.070574582 -0.012440887 0.009998093 0.997378826
1341846329.874044 0.017744990 0.004685193 0.146332532 0.071995899 -0.012616140 0.013560087 0.997232914
1341846329.910073 0.016750198 0.009322016 0.142272487 0.072391480 -0.012988080 0.016250197 0.997159302
1341846329.942009 0.016047766 0.003993453 0.145548940 0.067269064 -0.013480677 0.022169061 0.997397423
1341846329.978087 0.014207382 -0.018342210 0.147690505 0.065066226 -0.013488295 0.022098262 0.997545063
1341846330.016305 0.020575820 -0.009107417 0.142673567 0.067610532 -0.013141396 0.020662822 0.997411251
1341846330.048192 0.016013699 0.003874835 0.151282862 0.064973243 -0.011214163 0.022036804 0.997580647
1341846330.080418 0.014016386 -0.023202766 0.143890947 0.059341833 -0.011196296 0.023573313 0.997896552
1341846330.115886 0.018032620 -0.042161360 0.140645146 0.061285157 -0.010221647 0.024699576 0.997762263
1341846330.147839 0.011743302 -0.025346294 0.138470560 0.064515620 -0.009588785 0.026359702 0.997522414
1341846330.181257 0.012039248 -0.013416189 0.134056523 0.060152091 -0.010326350 0.030354805 0.997674167
1341846330.215852 0.013318878 -0.029055178 0.133938313 0.053224921 -0.009343690 0.028778173 0.998124063
1341846330.247833 0.007378793 -0.035052624 0.138924718 0.051397603 -0.008490349 0.027841501 0.998254001
1341846330.283913 0.003364371 -0.021472648 0.130316123 0.048441447 -0.008715884 0.028169176 0.998390675
1341846330.316011 0.005069046 -0.038844772 0.128835067 0.041212603 -0.009785140 0.027744804 0.998717189
1341846330.347868 0.003043385 -0.047796130 0.129907280 0.038704947 -0.011506526 0.027103506 0.998816788
1341846330.383835 0.006526020 -0.046866409 0.138854682 0.037304256 -0.012231180 0.027289964 0.998856366
1341846330.415934 0.003752476 -0.065192640 0.130369633 0.035807304 -0.010979251 0.025147067 0.998981953
1341846330.452561 0.001664700 -0.064694569 0.133962154 0.038931467 -0.011537984 0.024201250 0.998882115
1341846330.483903 -0.002808289 -0.059848063 0.128185928 0.039165724 -0.013110723 0.026753010 0.998788476
1341846330.515970 -0.001763596 -0.068390302 0.129450008 0.037445419 -0.015533146 0.030343533 0.998717070
1341846330.552099 -0.000369707 -0.071197733 0.127903670 0.038852535 -0.016911937 0.032674246 0.998567402
1341846330.583876 -0.004301712 -0.062825263 0.121864364 0.038641982 -0.016846422 0.032713391 0.998575389
1341846330.619992 -0.009059240 -0.054784007 0.115951955 0.034433778 -0.017968399 0.032220490 0.998725832
1341846330.652136 -0.006737789 -0.064155616 0.116428539 0.027563903 -0.019713676 0.031146722 0.998940170
1341846330.683796 -0.009537077 -0.069053948 0.112027578 0.022804772 -0.019398447 0.029798297 0.999107420
1341846330.719991 -0.013931458 -0.081631914 0.106594950 0.019799894 -0.021514921 0.030973552 0.999092400
1341846330.752103 -0.015817082 -0.084510140 0.111192212 0.021592814 -0.025611022 0.035210792 0.998818338
1341846330.787952 -0.018129785 -0.077657714 0.105333664 0.022979356 -0.030535050 0.039385960 0.998493016
1341846330.819823 -0.020469315 -0.077524960 0.103243805 0.022858284 -0.034257028 0.039604779 0.998366356
1341846330.852208 -0.022018209 -0.068765752 0.098567612 0.022909623 -0.035790272 0.040191848 0.998287976
1341846330.914111 -0.026813634 -0.057406086 0.090492480 0.014254522 -0.039090358 0.040296193 0.998321056
1341846330.949903 -0.027618835 -0.070604339 0.094752118 0.010386296 -0.040299997 0.040545177 0.998310626
1341846330.981986 -0.038233172 -0.069589406 0.090115197 0.011325663 -0.043829918 0.040139277 0.998168111
1341846331.014111 -0.034894645 -0.063255318 0.091255665 0.011380769 -0.048262835 0.040838610 0.997934580
1341846331.082139 -0.040065311 -0.066776559 0.083268069 0.013021312 -0.050605066 0.037242536 0.997939169
1341846331.114334 -0.039292723 -0.062947839 0.082843959 0.012971837 -0.053179480 0.037614275 0.997792006
1341846331.149989 -0.036659125 -0.070883565 0.084299259 0.012972638 -0.054259062 0.036583330 0.997772157
1341846331.181954 -0.041708495 -0.071087271 0.078176178 0.016353145 -0.054020677 0.034871556 0.997796714
1341846331.218151 -0.048858017 -0.057066519 0.070251301 0.016719311 -0.056667291 0.035838850 0.997609556
1341846331.249914 -0.037095368 -0.069151752 0.076404303 0.013597206 -0.059308585 0.034296151 0.997557700
1341846331.318141 -0.030922161 -0.067371458 0.070334643 0.024063038 -0.050010152 0.030845763 0.997982204
1341846331.349926 -0.024600964 -0.061655916 0.075604849 0.023449417 -0.047867566 0.029638860 0.998138428
1341846331.382003 0.002617044 -0.097071707 0.095439754 0.023707215 -0.042122409 0.028329149 0.998429358
1341846331.418008 -0.016673965 -0.070604332 0.096065037 0.033170708 -0.030922731 0.026540674 0.998618603
1341846331.450327 -0.026068410 -0.058765806 0.107014708 0.035951771 -0.025383078 0.026519120 0.998679101
1341846331.486219 -0.025944998 -0.056387536 0.099553928 0.035681587 -0.023887603 0.029792504 0.998633385
1341846331.518344 -0.009150811 -0.059541930 0.095507391 0.033879351 -0.024441481 0.028984865 0.998706520
1341846331.550202 -0.006768821 -0.065460861 0.105553702 0.036155205 -0.019800823 0.027920015 0.998759806
1341846331.586139 -0.017892616 -0.051500142 0.110840142 0.039281897 -0.017716963 0.027883951 0.998681903
1341846331.617931 -0.014273757 -0.050358567 0.117470004 0.038012594 -0.017693628 0.027851898 0.998732328
1341846331.654027 -0.002689772 -0.060778394 0.122663356 0.037779465 -0.016167589 0.028739855 0.998741865
1341846331.686123 -0.007602711 -0.048147678 0.133396283 0.040929470 -0.013065499 0.030999564 0.998595595
1341846331.717954 -0.016727043 -0.038156535 0.140616804 0.038363300 -0.013341995 0.030524096 0.998708427
1341846331.754076 -0.005996075 -0.052717410 0.150011569 0.035086609 -0.013451653 0.029325414 0.998863339
1341846331.785920 -0.006028423 -0.051962893 0.162751779 0.038090535 -0.010444449 0.027796943 0.998833001
1341846331.818053 -0.009212857 -0.040223144 0.169127345 0.039259698 -0.008703280 0.028445983 0.998786151
1341846331.853849 -0.007986135 -0.047377624 0.185006574 0.037481435 -0.008077394 0.026959497 0.998900950
1341846331.885987 0.004782901 -0.048554961 0.195539370 0.040312823 -0.006726188 0.025565036 0.998837352
1341846331.922014 -0.002328711 -0.042929653 0.206748143 0.042246163 -0.002603639 0.023910459 0.998817682
1341846331.954037 0.008946112 -0.041444905 0.218607083 0.042058986 -0.001576625 0.025854928 0.998779297
1341846331.986135 0.019186558 -0.056913182 0.225176752 0.043493509 0.003494268 0.026734801 0.998689830
1341846332.022364 0.000934168 -0.060461365 0.243156627 0.050143905 0.010034000 0.026432453 0.998341739
1341846332.054175 -0.002899495 -0.052702054 0.249011531 0.056841604 0.010267767 0.027709268 0.997945786
1341846332.086502 0.002102084 -0.047557075 0.267693162 0.060053457 0.009837835 0.030050747 0.997694194
1341846332.122051 -0.000228427 -0.042898953 0.279700249 0.061847415 0.011309322 0.028179482 0.997623622
1341846332.153983 -0.006892691 -0.029489933 0.286347926 0.060843997 0.011090674 0.025562605 0.997758269
1341846332.190165 -0.009566217 -0.026648898 0.311133415 0.054566968 0.009236617 0.024441892 0.998168170
1341846332.254145 -0.005638947 -0.044662714 0.342517972 0.053918358 0.009381733 0.023029214 0.998235643
1341846332.289948 -0.009970611 -0.039049320 0.351056874 0.056294274 0.009546783 0.024299886 0.998072803
1341846332.322172 -0.006003279 -0.043874606 0.359492987 0.056380995 0.008480528 0.026545744 0.998020351
1341846332.354003 0.001504543 -0.047782660 0.366792828 0.058584869 0.010152704 0.023870016 0.997945368
1341846332.390180 -0.003494836 -0.033969585 0.373318821 0.061260555 0.015219293 0.020378079 0.997797728
1341846332.422055 -0.005828023 -0.033324357 0.388373345 0.059089225 0.017565377 0.017068950 0.997952163
1341846332.458114 -0.001962626 -0.035052367 0.397014111 0.058576107 0.019575695 0.013112369 0.998004854
1341846332.489993 -0.009453461 -0.027182747 0.412808985 0.060225818 0.021849576 0.015536785 0.997824669
1341846332.522130 -0.012578005 -0.023798980 0.424770921 0.059883013 0.017771829 0.021859253 0.997807741
1341846332.558114 -0.009842233 -0.026093785 0.435716867 0.059781611 0.012588801 0.028423410 0.997727275
1341846332.589874 -0.002774104 -0.014151637 0.432437122 0.060590886 0.009421057 0.033178866 0.997566581
1341846332.621889 -0.002548241 -0.013236437 0.442235559 0.055562526 0.009231878 0.034698769 0.997809350
1341846332.658202 0.005714396 -0.017692823 0.450754583 0.051402394 0.008962068 0.032651894 0.998103857
1341846332.690001 0.009922968 -0.013202921 0.460328937 0.049743433 0.009414925 0.034288190 0.998128891
1341846332.726000 0.001927016 -0.016064502 0.476599157 0.048729971 0.009623023 0.038750291 0.998013616
1341846332.758386 0.009185557 -0.015366476 0.482680529 0.049220271 0.006216594 0.040014546 0.997966707
1341846332.789937 0.017801743 -0.005879708 0.498490274 0.049045924 0.006633101 0.038043257 0.998049736
1341846332.825925 0.015342913 -0.007299051 0.503971696 0.046782628 0.009938253 0.036136813 0.998201728
1341846332.857898 0.014551041 -0.007302724 0.517168045 0.047780022 0.011555536 0.035378989 0.998164237
1341846332.894069 0.017875504 0.003512517 0.523270071 0.048220977 0.010890949 0.036735814 0.998101473
1341846332.926029 0.029443091 0.010796595 0.530912697 0.045353279 0.010198246 0.034719236 0.998315394
1341846332.958015 0.026278039 0.007497951 0.541851819 0.041458562 0.013472124 0.031893790 0.998540163
1341846332.994073 0.026958719 0.011558250 0.549675167 0.039026741 0.014788368 0.030241419 0.998670936
1341846333.026545 0.031367794 0.010966975 0.558223844 0.036252838 0.015812445 0.027976220 0.998825848
1341846333.057998 0.038685791 0.009865530 0.562019050 0.034987442 0.017306801 0.028473984 0.998832107
1341846333.094024 0.039287083 0.009838894 0.573111713 0.035101652 0.019300273 0.031883840 0.998688519
1341846333.126095 0.047801666 0.012272060 0.576836824 0.035556555 0.020016791 0.034755062 0.998562515
1341846333.161973 0.049475085 0.019865070 0.580528557 0.034793407 0.022970628 0.035874315 0.998486280
1341846333.195660 0.050706048 0.021458361 0.590857148 0.032655604 0.024998734 0.037947062 0.998433113
1341846333.226331 0.052419301 0.022572152 0.596777678 0.031063648 0.025508996 0.037055377 0.998504460
1341846333.262056 0.053400517 0.031737711 0.601744235 0.028632823 0.025891077 0.034521941 0.998658121
1341846333.294147 0.058665741 0.028332215 0.608249426 0.025171591 0.025076946 0.034944978 0.998757422
1341846333.326100 0.063702762 0.031549986 0.614433885 0.023980053 0.023299186 0.034028530 0.998861432
1341846333.362100 0.061690472 0.037735473 0.614606082 0.020814821 0.023306226 0.031579897 0.999012649
1341846333.394119 0.059083261 0.029558225 0.621781647 0.016670277 0.022995614 0.031561695 0.999098182
1341846333.429974 0.064685047 0.031626485 0.620144308 0.016379690 0.019975826 0.031621475 0.999166012
1341846333.462115 0.070556268 0.029752687 0.623015225 0.015953518 0.019672364 0.030043416 0.999227643
1341846333.494040 0.067342326 0.031092159 0.622189462 0.017183270 0.021107128 0.029082788 0.999206424
1341846333.529953 0.074424841 0.033982150 0.627092183 0.018308474 0.021572283 0.028493911 0.999193430
1341846333.562063 0.066015080 0.035414360 0.626642525 0.019190587 0.025159292 0.029192099 0.999072850
1341846333.594090 0.060677581 0.041500017 0.627339065 0.018412365 0.025058450 0.030149035 0.999061584
1341846333.629994 0.055066630 0.045520090 0.625776112 0.015324502 0.023369642 0.029612238 0.999170721
1341846333.662127 0.061303735 0.042949319 0.623282373 0.011947153 0.021448612 0.028392676 0.999295294
1341846333.697964 0.059457682 0.035713568 0.623736799 0.009356488 0.021768939 0.029643973 0.999279618
1341846333.730092 0.062537320 0.032835502 0.620815098 0.011535427 0.021446135 0.030244164 0.999245822
1341846333.762089 0.061316676 0.035512965 0.617532015 0.013565497 0.022256261 0.031655837 0.999158919
1341846333.798006 0.058961801 0.031163517 0.612094104 0.014280006 0.023027044 0.031566501 0.999134302
1341846333.830055 0.062278472 0.031948585 0.608805418 0.017182503 0.023704939 0.029665442 0.999131024
1341846333.866045 0.057445280 0.033627681 0.602933228 0.018648159 0.025564602 0.028138639 0.999103069
1341846333.897987 0.053570561 0.029936941 0.598831117 0.019921031 0.025975516 0.027333764 0.999090195
1341846333.930099 0.055073790 0.029098235 0.594930828 0.023029242 0.026539706 0.025920536 0.999046266
1341846333.965889 0.052632101 0.029236332 0.587702096 0.025197024 0.027581459 0.025697470 0.998971462
1341846333.997985 0.057827920 0.022333618 0.583099902 0.026982725 0.027512299 0.025246421 0.998938262
1341846334.030076 0.047064342 0.024496827 0.575663328 0.030534891 0.030299116 0.025915885 0.998738170
1341846334.066000 0.044134248 0.021345817 0.569354951 0.031681884 0.029928369 0.027550479 0.998669863
1341846334.097932 0.046009891 0.022562739 0.560935616 0.033823427 0.029535726 0.027381621 0.998615980
1341846334.133884 0.040921763 0.022275403 0.556799591 0.035537917 0.031017609 0.027540090 0.998507142
1341846334.166115 0.034305613 0.022579979 0.549149990 0.035731863 0.030085659 0.028525794 0.998501062
1341846334.198072 0.034154929 0.019279677 0.539736331 0.035790097 0.028326860 0.027553586 0.998577714
1341846334.234097 0.035512134 0.022906609 0.535035014 0.036715187 0.028626354 0.026282741 0.998569846
1341846334.266045 0.029048849 0.018831715 0.525553942 0.036323316 0.030717289 0.026600145 0.998513639
1341846334.297946 0.024197739 0.019423574 0.520282149 0.037620317 0.029287003 0.028188728 0.998465002
1341846334.334036 0.023347517 0.020250522 0.512126386 0.038100105 0.027608830 0.028826261 0.998476446
1341846334.365871 0.022906084 0.021519281 0.507357240 0.037674524 0.027433323 0.027320493 0.998539746
1341846334.401845 0.018495621 0.020321801 0.498848438 0.036204584 0.028583989 0.026093371 0.998594642
1341846334.433864 0.008746883 0.017263353 0.492730647 0.036295895 0.028460428 0.026570745 0.998582304
1341846334.466105 0.012215424 0.020107936 0.482421607 0.037038289 0.025923658 0.027489018 0.998599231
1341846334.502142 0.005483948 0.021272004 0.475116163 0.035951383 0.025368933 0.028047485 0.998637676
1341846334.540153 0.005156783 0.017684080 0.470884919 0.035134245 0.023790412 0.026563391 0.998746216
1341846334.602351 -0.006727234 0.024001095 0.452908516 0.030765438 0.020554634 0.020041371 0.999114275
1341846334.670161 -0.012018612 0.019798290 0.441659898 0.025653368 0.018175421 0.013066946 0.999420226
1341846334.702085 -0.019751741 0.016539924 0.428519130 0.024347534 0.016429527 0.013380553 0.999478996
1341846334.734751 -0.019075073 0.018618876 0.418584883 0.024845827 0.013507476 0.014952757 0.999488175
1341846334.770889 -0.018284686 0.018275240 0.404684603 0.024731025 0.011535452 0.018014537 0.999465227
1341846334.802194 -0.015614189 0.018683629 0.393578231 0.024084548 0.008234771 0.019133907 0.999492884
1341846334.833908 -0.012493047 0.017011672 0.383961082 0.023285123 0.005777315 0.018152619 0.999547362
1341846334.869874 -0.024043055 0.018510133 0.382084697 0.021848967 0.006706472 0.017530058 0.999585092
1341846334.902006 -0.035784863 0.014748219 0.369538158 0.020004285 0.006152141 0.017389478 0.999629736
1341846334.938010 -0.038129866 0.013647830 0.361327827 0.019479809 0.003124317 0.016930552 0.999661982
1341846334.970032 -0.037456449 0.013290994 0.357006669 0.019715000 0.002287462 0.015536154 0.999682307
1341846335.002203 -0.042503204 0.010231172 0.343762159 0.021015195 0.003057583 0.017126152 0.999627769
1341846335.037880 -0.042621065 0.009598318 0.327705055 0.023266207 -0.000662585 0.020447239 0.999519944
1341846335.069990 -0.045922514 0.015683305 0.324019879 0.024299182 -0.003106087 0.019568382 0.999508381
1341846335.106038 -0.043574426 0.011354741 0.312423587 0.024084847 -0.002327996 0.017933784 0.999546289
1341846335.138045 -0.049095158 0.008984115 0.301292181 0.025691401 -0.000697161 0.016856980 0.999527574
1341846335.169900 -0.053122956 0.012120407 0.285644770 0.025856998 -0.003425343 0.017468542 0.999507129
1341846335.206091 -0.054157913 0.011842329 0.280385226 0.025137156 -0.005274669 0.015065136 0.999556541
1341846335.239365 -0.053437240 0.006160475 0.268968523 0.024733776 -0.004006165 0.012116664 0.999612629
1341846335.269948 -0.056157652 0.005060623 0.257900059 0.026513230 -0.002648969 0.010919087 0.999585330
1341846335.305972 -0.061015196 0.003617595 0.245863557 0.028105669 -0.004152606 0.012005192 0.999524236
1341846335.338012 -0.058198523 0.005318171 0.237531319 0.029863134 -0.005851391 0.013354966 0.999447644
1341846335.374005 -0.055895254 -0.008452770 0.231783003 0.032780197 -0.004202104 0.014114121 0.999354064
1341846335.406025 -0.056429394 -0.001078714 0.216173500 0.040471647 -0.001790199 0.016195089 0.999047816
1341846335.438079 -0.060254823 0.003347442 0.206328064 0.045900073 -0.000609279 0.019650467 0.998752534
1341846335.473998 -0.058379803 0.008548815 0.197004572 0.048340064 0.000633477 0.020411346 0.998622119
1341846335.507038 -0.058868986 0.012217561 0.184658170 0.049478460 0.003251669 0.018798156 0.998592973
1341846335.538040 -0.064543098 0.017749915 0.178637013 0.049124151 0.005921878 0.017027708 0.998629928
1341846335.574119 -0.071175762 0.023608418 0.171070963 0.047059424 0.005976748 0.017014835 0.998729289
1341846335.605970 -0.072101966 0.014058879 0.165664688 0.044820108 0.005271795 0.016125798 0.998851001
1341846335.641978 -0.070183203 0.015479271 0.153234512 0.046038285 0.006379625 0.013641705 0.998826146
1341846335.673993 -0.073846333 0.019770585 0.145525604 0.046085443 0.007048567 0.013914616 0.998815715
1341846335.706178 -0.076631278 0.017470377 0.130657941 0.045267798 0.005750818 0.014439839 0.998853981
1341846335.741982 -0.070721529 0.016050328 0.120571598 0.045665640 0.004993914 0.013988081 0.998846352
1341846335.773960 -0.076641448 0.020561483 0.109227322 0.046067256 0.006084441 0.013313408 0.998831093
1341846335.806271 -0.079484336 0.025961537 0.099932477 0.044560988 0.005455672 0.013219682 0.998904288
1341846335.842031 -0.076844864 0.019960910 0.088827401 0.041962929 0.006108269 0.013609670 0.999007821
1341846335.873966 -0.077143364 0.018377515 0.071311086 0.042780641 0.007698120 0.012616070 0.998975158
1341846335.910005 -0.082681075 0.023345299 0.060556050 0.042516414 0.007935487 0.014523444 0.998958707
1341846335.941936 -0.088097297 0.023579456 0.056746133 0.041524876 0.005987135 0.015593206 0.998997867
1341846335.974198 -0.087330729 0.022424949 0.039578438 0.041280545 0.005121104 0.013180559 0.999047518
1341846336.010032 -0.091938429 0.025293387 0.035926506 0.041326974 0.005296453 0.011871986 0.999061108
1341846336.042129 -0.095564224 0.023195062 0.023409795 0.040175959 0.004069278 0.012206391 0.999109805
1341846336.078076 -0.097918719 0.019352786 0.014463845 0.039709125 0.002183428 0.011824552 0.999138951
1341846336.110739 -0.100070417 0.023852155 0.009219144 0.040909458 0.002018639 0.009784457 0.999112904
1341846336.142002 -0.104426697 0.022360515 -0.005761992 0.040368065 0.002136454 0.011556580 0.999115765
1341846336.183953 -0.110311672 0.026059385 -0.012555007 0.040408745 -0.000023689 0.011430337 0.999117851
1341846336.241891 -0.106909879 0.026500858 -0.029773392 0.038222209 -0.001311992 0.011701108 0.999199867
1341846336.277946 -0.116320513 0.022849763 -0.033331271 0.038650244 -0.000405489 0.013422458 0.999162555
1341846336.309977 -0.108006045 0.024637070 -0.049888931 0.041598246 -0.004458223 0.016200257 0.998993099
1341846336.346143 -0.114266016 0.029637823 -0.051203709 0.043996330 -0.005041269 0.017855300 0.998859406
1341846336.377975 -0.117703423 0.029931655 -0.058113959 0.044819273 -0.004499363 0.016698832 0.998845398
1341846336.410032 -0.119755007 0.031075574 -0.075979933 0.045620788 -0.003722596 0.016523307 0.998815238
1341846336.446041 -0.123426475 0.036294948 -0.088129699 0.045353085 -0.004083199 0.016323946 0.998829305
1341846336.477990 -0.120746635 0.032966942 -0.090978518 0.044042476 -0.004527311 0.016299877 0.998886406
1341846336.510056 -0.123047888 0.031698029 -0.098818958 0.044306654 -0.003671058 0.016691400 0.998871803
1341846336.546024 -0.124113247 0.032024711 -0.103911482 0.045337774 -0.003882954 0.019019008 0.998783112
1341846336.578003 -0.127453074 0.038677841 -0.110082485 0.045424182 -0.004038403 0.020328904 0.998752773
1341846336.614020 -0.123251580 0.039785124 -0.113915272 0.044745870 -0.003797368 0.020006886 0.998790801
1341846336.645982 -0.130847648 0.043084212 -0.119566746 0.043670308 -0.002043907 0.019194419 0.998859525
1341846336.678036 -0.134962410 0.039197844 -0.130757749 0.041660719 -0.003925960 0.019970894 0.998924494
1341846336.714024 -0.138101041 0.033561099 -0.128266528 0.043149151 -0.005766750 0.019013142 0.998871028
1341846336.746016 -0.140593633 0.026738815 -0.143932298 0.046322126 -0.007782478 0.021608774 0.998662472
1341846336.778014 -0.145210952 0.036814194 -0.147002891 0.049502570 -0.011915917 0.025230221 0.998384178
1341846336.820006 -0.145587355 0.041346788 -0.148726270 0.050366905 -0.015455739 0.027187640 0.998241007
1341846336.882056 -0.149736673 0.038450472 -0.166415498 0.052730512 -0.017353103 0.025775304 0.998125255
1341846336.914273 -0.154902145 0.031327344 -0.175539106 0.054577477 -0.021862458 0.028188460 0.997872114
1341846336.945998 -0.150530174 0.025221227 -0.174741670 0.060169492 -0.028472584 0.031344034 0.997289538
1341846336.981980 -0.152028441 0.047279090 -0.200637579 0.064814851 -0.031631015 0.027924245 0.997004867
1341846337.014238 -0.149476349 0.053535432 -0.208008379 0.062126536 -0.034731671 0.025736501 0.997131705
1341846337.046017 -0.154850140 0.049839474 -0.184334353 0.059949324 -0.035972595 0.020906584 0.997333884
1341846337.082104 -0.156736121 0.049958311 -0.199370369 0.059123829 -0.036225665 0.018140646 0.997428179
1341846337.114317 -0.159137055 0.047457010 -0.203460157 0.057186268 -0.038442641 0.017666638 0.997466683
1341846337.150037 -0.149037182 0.045591131 -0.213962838 0.055082053 -0.040869161 0.016782513 0.997503877
1341846337.181873 -0.156985939 0.056285575 -0.186568290 0.056013007 -0.040690955 0.013572561 0.997508168
1341846337.214073 -0.158623248 0.058423661 -0.200853035 0.053504743 -0.038846876 0.011369389 0.997746885
1341846337.250087 -0.168910041 0.045820981 -0.203908339 0.050180655 -0.039795272 0.012108021 0.997873545
1341846337.282028 -0.171204299 0.043771632 -0.206302404 0.051271506 -0.043955743 0.015856557 0.997590959
1341846337.317920 -0.152572334 0.045998480 -0.206626236 0.050782315 -0.046691895 0.016930390 0.997474015
1341846337.350018 -0.141406804 0.049565218 -0.234050721 0.049288955 -0.046412699 0.016860042 0.997563124
1341846337.382159 -0.135013074 0.043196380 -0.232360199 0.046047892 -0.046595886 0.015416854 0.997732818
1341846337.417941 -0.170326218 0.040533964 -0.208727896 0.047160141 -0.043711822 0.014271874 0.997828364
1341846337.450137 -0.170459822 0.052472621 -0.220880285 0.048410401 -0.045638151 0.015039164 0.997670949
1341846337.482096 -0.166716069 0.044588193 -0.217945889 0.046410277 -0.046027590 0.016166370 0.997730494
1341846337.518008 -0.169516683 0.042737816 -0.215719074 0.047514174 -0.046405286 0.016015975 0.997663498
1341846337.549978 -0.168934360 0.052128833 -0.227518350 0.047950521 -0.047163188 0.014602575 0.997628748
1341846337.585971 -0.164160356 0.047960341 -0.232193276 0.044949967 -0.047792640 0.014023547 0.997746825
1341846337.617903 -0.158357501 0.035571404 -0.221323252 0.045612868 -0.048940595 0.014456237 0.997654855
1341846337.650141 -0.160947725 0.046396017 -0.226747110 0.048699934 -0.048943803 0.013883421 0.997516930
1341846337.686352 -0.159731552 0.050309531 -0.229616031 0.046941970 -0.048779760 0.014384024 0.997602105
1341846337.718002 -0.158011600 0.048951477 -0.223581672 0.045286234 -0.048367858 0.013864625 0.997706115
1341846337.749920 -0.155338839 0.051405147 -0.216422305 0.045112371 -0.046412081 0.012897202 0.997819841
1341846337.786157 -0.155040309 0.060314149 -0.212119371 0.042371787 -0.043748084 0.013120328 0.998057425
1341846337.817945 -0.151008934 0.055179320 -0.201271713 0.039743081 -0.042020142 0.014720857 0.998217463
1341846337.854071 -0.150246233 0.060123313 -0.205437407 0.038946588 -0.038538773 0.013894003 0.998401165
1341846337.885951 -0.156746462 0.068148255 -0.201382220 0.036148205 -0.035789017 0.012218881 0.998630583
1341846337.918223 -0.154732823 0.065116972 -0.193452805 0.031823784 -0.034691848 0.009496873 0.998846054
1341846337.954120 -0.153975621 0.059764121 -0.189603060 0.029047828 -0.033109475 0.008986395 0.998989105
1341846337.985994 -0.143307686 0.067782968 -0.184301764 0.026579401 -0.033161752 0.009857338 0.999047875
1341846338.018107 -0.145397902 0.064347409 -0.172934309 0.023184570 -0.031342138 0.010734556 0.999182105
1341846338.054055 -0.143333480 0.066848651 -0.167602405 0.020831563 -0.030083964 0.010437883 0.999275744
1341846338.085986 -0.137485921 0.064553514 -0.160665482 0.017154362 -0.026996020 0.009924809 0.999439061
1341846338.121875 -0.140164286 0.058073021 -0.158097908 0.014997323 -0.024492161 0.011479553 0.999521613
1341846338.154089 -0.141572773 0.058540564 -0.152921811 0.014129707 -0.023914110 0.015035187 0.999501109
1341846338.186029 -0.141901299 0.061655328 -0.141289338 0.013217178 -0.024122372 0.017445022 0.999469399
1341846338.222071 -0.134048685 0.067856491 -0.128882483 0.012494739 -0.023404062 0.016420424 0.999513149
1341846338.254107 -0.133131281 0.063124396 -0.123560466 0.010330684 -0.021648260 0.017286457 0.999562800
1341846338.290130 -0.133347005 0.062929802 -0.115289479 0.011021191 -0.021512734 0.018640343 0.999534011
1341846338.321952 -0.134175807 0.067198373 -0.106861077 0.011144548 -0.020487994 0.020651996 0.999514639
1341846338.354022 -0.127151072 0.062823020 -0.098445311 0.010119567 -0.020506183 0.021529283 0.999506652
1341846338.389969 -0.130201161 0.073066473 -0.093975902 0.010419972 -0.018994527 0.021050710 0.999543667
1341846338.422377 -0.129563883 0.070510127 -0.074333370 0.008517273 -0.018823333 0.021624239 0.999552667
1341846338.454010 -0.127626806 0.072923474 -0.071706869 0.007501711 -0.019251086 0.020460175 0.999577165
1341846338.489894 -0.126186267 0.071150742 -0.058448426 0.005638908 -0.019756757 0.021113053 0.999565959
1341846338.522066 -0.126652375 0.070425309 -0.049488451 0.006517007 -0.019403867 0.020809503 0.999573886
1341846338.558058 -0.126390442 0.075624011 -0.049372185 0.006051935 -0.019227738 0.019309113 0.999610305
1341846338.589842 -0.122450948 0.075367302 -0.021249712 0.004127110 -0.019963622 0.019278834 0.999606311
1341846338.622019 -0.111857533 0.068997771 -0.010418165 0.004206700 -0.019847507 0.021282358 0.999567628
1341846338.657984 -0.116029061 0.075094201 -0.010370721 0.004698567 -0.019455947 0.023260135 0.999529064
1341846338.690198 -0.110697307 0.079489328 0.001754698 0.003043366 -0.020562336 0.022955969 0.999520361
1341846338.722454 -0.105484448 0.074306719 0.019310908 0.002203970 -0.019763796 0.022884313 0.999540329
1341846338.757945 -0.115801662 0.078984872 0.016611377 0.002508523 -0.018749652 0.024045115 0.999531925
1341846338.790039 -0.108264878 0.079479709 0.036878090 0.000317981 -0.021810925 0.025350500 0.999440610
1341846338.826048 -0.093076855 0.080600344 0.056100406 0.000989255 -0.021862658 0.024062017 0.999470890
1341846338.858027 -0.093996599 0.080971234 0.058751348 0.000507026 -0.020047432 0.023570403 0.999521017
1341846338.889902 -0.092741787 0.081081383 0.061569255 -0.002225736 -0.021221079 0.023066388 0.999506176
1341846338.925948 -0.093821444 0.080224156 0.077108026 -0.002655696 -0.020070245 0.020873500 0.999577105
1341846338.958108 -0.093152165 0.081797227 0.085635155 -0.002180215 -0.017843006 0.019524008 0.999647796
1341846338.990057 -0.091038108 0.079442449 0.096522808 -0.002068572 -0.017758192 0.019945884 0.999641240
1341846339.025928 -0.089450248 0.080441102 0.110582992 0.000321099 -0.016999522 0.020227648 0.999650836
1341846339.057939 -0.084373578 0.082265534 0.111210734 0.002638378 -0.015249026 0.021972287 0.999638796
1341846339.093927 -0.084272817 0.086002812 0.109973192 0.001212647 -0.015505916 0.023196742 0.999609947
1341846339.126562 -0.084877610 0.086572103 0.119834505 -0.001996575 -0.016396871 0.022731569 0.999605119
1341846339.157969 -0.072589979 0.092646107 0.146838993 -0.003429187 -0.014725534 0.019297931 0.999699473
1341846339.194113 -0.080366239 0.097367316 0.154371217 -0.005075935 -0.012621580 0.019640617 0.999714553
1341846339.228165 -0.077973910 0.102321930 0.169733644 -0.008267544 -0.014932060 0.022215540 0.999607503
1341846339.257998 -0.068874761 0.100198194 0.189182401 -0.010960019 -0.015232031 0.023106351 0.999556839
1341846339.294132 -0.070231579 0.102298476 0.190979809 -0.011015793 -0.012112601 0.023297550 0.999594450
1341846339.326577 -0.077005297 0.110499240 0.189759105 -0.014237900 -0.013426582 0.026076037 0.999468386
1341846339.362269 -0.063607037 0.105506830 0.207017779 -0.018823683 -0.016613824 0.024183912 0.999392211
1341846339.394725 -0.055730399 0.108507365 0.220349759 -0.019460997 -0.015135034 0.024116591 0.999405086
1341846339.462186 -0.049678285 0.106474899 0.237525508 -0.023245057 -0.016245792 0.023783712 0.999314785
1341846339.496743 -0.035756707 0.105893828 0.249675676 -0.020500518 -0.013794487 0.022945216 0.999431312
1341846339.562052 -0.040896963 0.100853398 0.262612045 -0.019808166 -0.009679329 0.024562947 0.999455154
1341846339.595122 -0.034320194 0.105054893 0.274207979 -0.017351547 -0.009460501 0.023541667 0.999527514
1341846339.632085 -0.029691732 0.110115178 0.282736450 -0.015509448 -0.005896066 0.020962002 0.999642611
1341846339.664568 -0.028862663 0.107029714 0.287087560 -0.015462455 -0.002998715 0.019148977 0.999692559
1341846339.698896 -0.033259016 0.096149020 0.292921871 -0.017227614 -0.000926414 0.017681474 0.999694824
1341846339.731977 -0.026678838 0.103017770 0.305530548 -0.015710702 -0.001386305 0.016278222 0.999743104
1341846339.762241 -0.021293674 0.100961104 0.314075440 -0.015680382 -0.000332671 0.016020633 0.999748647
1341846339.797873 -0.018734191 0.100868657 0.324462742 -0.015755827 -0.000311001 0.018123792 0.999711573
1341846339.830245 -0.014820977 0.097698420 0.333123058 -0.016354313 -0.001094784 0.018898377 0.999687016
1341846339.862015 -0.014303534 0.101560965 0.341106772 -0.016334377 -0.000439966 0.017421225 0.999714732
1341846339.897797 -0.006640788 0.101632081 0.354927510 -0.017277611 -0.000213107 0.017437819 0.999698639
1341846339.929916 -0.003305254 0.093754195 0.360836834 -0.018530173 0.000657165 0.019962015 0.999628782
1341846339.961960 -0.001134653 0.090766355 0.359016091 -0.017608732 0.000072811 0.020809958 0.999628365
1341846339.997845 0.002646550 0.094254322 0.372221619 -0.015729059 0.001006573 0.020404596 0.999667585
1341846340.029925 0.002561278 0.094417736 0.388111264 -0.014520062 0.003905346 0.021090331 0.999664485
1341846340.066044 -0.000274495 0.092541888 0.399436206 -0.012499451 0.005383182 0.022025270 0.999664783
1341846340.098009 0.006129232 0.096287884 0.394402534 -0.011431606 0.005568805 0.023262912 0.999648511
1341846340.130102 0.011169451 0.092986055 0.398055762 -0.012657969 0.005006458 0.022688579 0.999649942
1341846340.166041 0.015250642 0.090341680 0.404471636 -0.011872541 0.007140091 0.020675173 0.999690235
1341846340.197867 0.015667571 0.092305139 0.411298484 -0.010699366 0.009613436 0.020852169 0.999679089
1341846340.229904 0.011855671 0.095431872 0.422319293 -0.011400238 0.010236633 0.019925425 0.999684036
1341846340.265859 0.015730985 0.093334615 0.431387275 -0.012032824 0.010981055 0.018984588 0.999687076
1341846340.298061 0.023601856 0.094598964 0.436554551 -0.009877956 0.012679167 0.019261653 0.999685287
1341846340.334063 0.016472355 0.099971838 0.436023384 -0.010303005 0.012824851 0.020941697 0.999645352
1341846340.366064 0.025114508 0.092411123 0.438270748 -0.012901914 0.009861397 0.021451574 0.999637961
1341846340.397995 0.027805155 0.090577632 0.444528162 -0.011199217 0.010429258 0.020615544 0.999670327
1341846340.433895 0.030127726 0.096787021 0.456482768 -0.009618518 0.010020771 0.021537483 0.999671519
1341846340.465959 0.032134552 0.091990896 0.450750560 -0.010113370 0.007455960 0.023806216 0.999637663
1341846340.501858 0.041924167 0.090211496 0.447362453 -0.009704406 0.002923248 0.024885595 0.999638915
1341846340.534329 0.036734179 0.097583875 0.466568768 -0.007542149 0.002765070 0.022427252 0.999716163
1341846340.566041 0.048011579 0.091299012 0.454713464 -0.007483915 0.000456670 0.024948865 0.999660611
1341846340.601909 0.057549097 0.086023830 0.438176036 -0.005961677 -0.000793589 0.026185671 0.999639034
1341846340.634005 0.053333215 0.094986133 0.447217256 -0.003836718 -0.000469231 0.023683440 0.999712050
1341846340.666028 0.059375983 0.092008792 0.444870174 -0.004404278 -0.000514909 0.021711549 0.999754429
1341846340.701946 0.063581780 0.089457430 0.442991227 -0.002747202 0.000701065 0.019926211 0.999797463
1341846340.733954 0.064279661 0.096387051 0.443102837 -0.000819537 0.002372952 0.017920602 0.999836266
1341846340.770081 0.061796755 0.095301889 0.439092547 -0.002001952 0.003259395 0.015522593 0.999872208
1341846340.801980 0.066665493 0.092784859 0.440724522 -0.002252659 0.003765769 0.010394770 0.999936342
1341846340.833999 0.068873420 0.095639281 0.437017053 -0.002100505 0.005954206 0.006060651 0.999961674
1341846340.870013 0.062801063 0.094373062 0.437127471 -0.003651260 0.006678273 0.004251198 0.999962032
1341846340.901955 0.068472542 0.092619479 0.441217631 -0.002712491 0.005724340 0.004636799 0.999969184
1341846340.933918 0.064581260 0.093569830 0.442960382 -0.000613528 0.005355107 0.007442244 0.999957800
1341846340.970122 0.066026904 0.092113607 0.435925215 0.000356567 0.002178203 0.012522209 0.999919176
1341846341.001922 0.062802829 0.091955163 0.432621896 0.001819374 -0.001189441 0.017076757 0.999851823
1341846341.037923 0.067010172 0.092857838 0.426648259 0.003110155 -0.004090015 0.019638870 0.999793947
1341846341.070300 0.066675782 0.089467503 0.420560360 0.003045588 -0.004611495 0.019681675 0.999791026
1341846341.102028 0.064270146 0.090546101 0.418999076 0.003078718 -0.005960419 0.020423414 0.999768913
1341846341.137982 0.066366829 0.091779590 0.421198517 0.003528594 -0.008099493 0.019745940 0.999765992
1341846341.170048 0.066224843 0.090194590 0.423229158 0.004158037 -0.008467811 0.020790137 0.999739349
1341846341.202110 0.067976698 0.083910406 0.411709785 0.004676137 -0.008936116 0.022691030 0.999691665
1341846341.237996 0.068424955 0.085890397 0.410522074 0.006670715 -0.008726763 0.023107918 0.999672651
1341846341.269883 0.066846974 0.087188348 0.408506960 0.007953459 -0.007998900 0.023215605 0.999666810
1341846341.306107 0.065067917 0.087218277 0.415132314 0.008607542 -0.008589354 0.022440918 0.999674201
1341846341.338109 0.066239446 0.086846538 0.403232217 0.009367796 -0.008127704 0.020208335 0.999718904
1341846341.370120 0.066962004 0.089250997 0.409109771 0.010287867 -0.007209868 0.018473575 0.999750435
1341846341.406074 0.065334663 0.086101890 0.398592472 0.009767621 -0.006513905 0.018055446 0.999768078
1341846341.438113 0.062579371 0.082556188 0.409271866 0.010974168 -0.008138283 0.017852537 0.999747276
1341846341.470024 0.065739304 0.085996889 0.410778284 0.013904096 -0.008809663 0.016494678 0.999728441
1341846341.506077 0.063061364 0.090099066 0.401726127 0.014170622 -0.007505396 0.014701121 0.999763370
1341846341.538156 0.061020825 0.087456167 0.400816202 0.012984431 -0.009180254 0.015326110 0.999756098
1341846341.574016 0.062772147 0.085755050 0.400259256 0.013924207 -0.011575052 0.016277717 0.999703526
1341846341.612466 0.059387870 0.090065502 0.395611167 0.014745107 -0.011705901 0.016476149 0.999687016
1341846341.643972 0.058690291 0.088595942 0.387724906 0.013556316 -0.012844590 0.015204192 0.999710023
1341846341.679982 0.054698095 0.087839022 0.391042024 0.013423383 -0.013964790 0.015386651 0.999693990
1341846341.712332 0.055164084 0.090740956 0.392952800 0.014387251 -0.016423315 0.018727971 0.999586165
1341846341.744185 0.057741351 0.087223455 0.381798118 0.014338952 -0.018630767 0.021066142 0.999501646
1341846341.780061 0.056477189 0.091284767 0.391019881 0.015244002 -0.019099686 0.022484496 0.999448478
1341846341.842595 0.057564996 0.082924120 0.382720143 0.016765816 -0.019604692 0.026419107 0.999318063
1341846341.906227 0.061387226 0.078868628 0.371708035 0.019984946 -0.020757204 0.032296807 0.999062896
1341846341.942069 0.063054450 0.071792044 0.374469131 0.022720290 -0.021057965 0.034834828 0.998912811
1341846341.974775 0.062810563 0.070958912 0.367326885 0.025695620 -0.021015707 0.036162727 0.998794436
1341846342.010161 0.057783529 0.078228809 0.374093831 0.027227145 -0.021866910 0.037876014 0.998672068
1341846342.042024 0.065180935 0.071129099 0.364963889 0.028362093 -0.023016311 0.037193626 0.998640299
1341846342.080032 0.068660185 0.075602844 0.365810394 0.030899316 -0.021326385 0.037509423 0.998590708
1341846342.112265 0.063484743 0.069287390 0.360903025 0.030309994 -0.020030707 0.039853901 0.998544812
1341846342.147954 0.065158702 0.063588835 0.363261670 0.032369334 -0.021349529 0.042017382 0.998364151
1341846342.179852 0.068788201 0.069178432 0.361775368 0.035835724 -0.021193124 0.043178018 0.998199522
1341846342.211848 0.067161769 0.072332039 0.365857691 0.036751583 -0.020561837 0.043297004 0.998174310
1341846342.247920 0.067348540 0.068221129 0.361966282 0.037542243 -0.020290565 0.041982517 0.998206556
1341846342.279870 0.068980597 0.067899063 0.363479644 0.039071493 -0.019935157 0.042396091 0.998137534
1341846342.316068 0.070884861 0.066459894 0.350046456 0.039891150 -0.019943740 0.043998871 0.998035610
1341846342.347894 0.069924928 0.069060840 0.352231264 0.040498070 -0.019680079 0.043503273 0.998038113
1341846342.379953 0.071059085 0.067309171 0.353097171 0.040584370 -0.019162022 0.043052811 0.998064220
1341846342.416195 0.069733083 0.068225361 0.351382643 0.041339327 -0.018957635 0.044732541 0.997963250
